0	18	970	609	697	['host3']	['host7']	['host13']	['host9']
1	20	53088744165	1510005522	5759777	['host3', 'host15', 'host4']	['host13', 'host14', 'host12', 'host3', 'host8']	['host7']	['host2']
2	22	61873748853	1387369304	5840114	['host3', 'host15', 'host4']	['host13', 'host14', 'host12', 'host3', 'host8']	['host7']	['host2']
3	25	404	22	191	['host3']	['host7']	['host13']	['host9']
4	32	404	22	191	['host3']	['host7']	['host13']	['host9']
5	46	25526958	300	24106570	['host3']	['host7']	['host13']	['host9']
6	49	6913085573	1380194628	2464	['host3', 'host15', 'host4']	['host13', 'host14', 'host12', 'host3', 'host8']	['host7']	['host2']
7	74	12177	5586	835	['host3']	['host7']	['host13']	['host9']
8	75	1739	856	811	['host3']	['host7']	['host13']	['host9']
9	75	66745	57872	1788	['host3']	['host7']	['host13']	['host9']
10	75	2259	1992	1721	['host3']	['host7']	['host13']	['host9']
11	75	15817	13283	1758	['host3']	['host7']	['host13']	['host9']
12	76	51389	25552	859	['host3']	['host7']	['host13']	['host9']
13	83	12976476	29882024	11298047	['host3']	['host7']	['host13']	['host9']
14	85	247378729350	25004320618	18912002	['host3', 'host15', 'host4']	['host13', 'host14', 'host12', 'host3', 'host8', 'host0', 'host15', 'host6', 'host7', 'host1', 'host5', 'host4', 'host10', 'host2', 'host9', 'host11']	['host1']	['host13']
15	88	15403	9586	1739735	['host3']	['host7']	['host13']	['host9']
16	90	302	22	136	['host3']	['host7']	['host13']	['host9']
17	92	302	18	136	['host3']	['host7']	['host13']	['host9']
18	116	9914	292	288	['host3']	['host7']	['host13']	['host9']
19	119	6589	5905	3744	['host3']	['host7']	['host13']	['host9']
20	119	3827	1468	1831	['host3']	['host7']	['host13']	['host9']
21	126	48183425	55501379	25747658	['host3']	['host7']	['host13']	['host9']
22	127	404	18	191	['host3']	['host7']	['host13']	['host9']
23	130	404	22	191	['host3']	['host7']	['host13']	['host9']
24	155	47081	549	569	['host3']	['host7']	['host13']	['host9']
25	180	319170822	53397	816	['host3']	['host7']	['host13']	['host9']
26	189	77302089315	111142889	1424411	['host3', 'host15', 'host4']	['host13']	['host9']	['host14']
27	190	83536091926	149864943	1423388	['host3', 'host15', 'host4']	['host13']	['host9']	['host14']
28	190	73476471165	118236217	1421507	['host3', 'host15', 'host4']	['host13']	['host9']	['host14']
29	190	78426386362	116148111	1424420	['host3', 'host15', 'host4']	['host13']	['host9']	['host14']
30	191	302	22	136	['host3']	['host7']	['host13']	['host9']
31	192	302	22	136	['host3']	['host7']	['host13']	['host9']
32	193	64306595974	99952523	1421527	['host3', 'host15', 'host4']	['host13']	['host9']	['host14']
33	195	78355250388	136941599	1422842	['host3', 'host15', 'host4']	['host13']	['host9']	['host14']
34	197	85808475492	123158254	1424743	['host3', 'host15', 'host4']	['host13']	['host9']	['host14']
35	205	1094143387	272063600	43687215	['host3', 'host15', 'host4']	['host13']	['host9']	['host14']
36	230	467089624640	101701	244	['host3', 'host15', 'host4']	['host13']	['host9']	['host14']
37	230	27900870	302	26628408	['host3']	['host7']	['host13']	['host9']
38	231	2155	527	518	['host3']	['host7']	['host13']	['host9']
39	233	404	22	191	['host3']	['host7']	['host13']	['host9']
40	240	3585259	5243777	41169	['host3']	['host7']	['host13']	['host9']
41	241	3405400	5190026	42219	['host3']	['host7']	['host13']	['host9']
42	246	4233153	37	244	['host3']	['host7']	['host13']	['host9']
43	248	15018947218	52205101	1419016	['host3', 'host15', 'host4']	['host13']	['host9']	['host14']
44	267	404	22	191	['host3']	['host7']	['host13']	['host9']
45	268	7828468	10060775	4690086	['host3']	['host7']	['host13']	['host9']
46	283	302	22	136	['host3']	['host7']	['host13']	['host9']
47	299	539	74	289	['host3']	['host7']	['host13']	['host9']
48	314	302	22	136	['host3']	['host7']	['host13']	['host9']
49	317	27900870	51845015	26590981	['host3']	['host7']	['host13']	['host9']
50	327	404	22	191	['host3']	['host7']	['host13']	['host9']
51	328	1666732399	2229848800	2362	['host3', 'host15', 'host4']	['host13', 'host14', 'host12', 'host3', 'host8', 'host0', 'host15', 'host6']	['host8']	['host14']
52	330	4002469713	769566052	3082	['host3', 'host15', 'host4']	['host13', 'host14']	['host14']	['host11']
53	336	58771293366	609318	1975	['host3', 'host15', 'host4']	['host13']	['host9']	['host14']
54	357	404	22	191	['host3']	['host7']	['host13']	['host9']
55	373	1221257245	306018850	47636941	['host3', 'host15', 'host4']	['host13']	['host9']	['host14']
56	386	302	22	136	['host3']	['host7']	['host13']	['host9']
57	388	28326806	31429168	15136143	['host3']	['host7']	['host13']	['host9']
58	401	17808801	11241137	147710	['host3']	['host7']	['host13']	['host9']
59	405	18250732	11739343	132348	['host3']	['host7']	['host13']	['host9']
60	406	302	22	136	['host3']	['host7']	['host13']	['host9']
61	420	219373002	304888541	88828070	['host3']	['host7']	['host13']	['host9']
62	423	404	22	191	['host3']	['host7']	['host13']	['host9']
63	435	281473678	113927671	24350970	['host3']	['host7']	['host13']	['host9']
64	447	404	22	191	['host3']	['host7']	['host13']	['host9']
65	453	249607197419	24253504175	18513687	['host3', 'host15', 'host4']	['host13', 'host14', 'host12', 'host3', 'host8', 'host0', 'host15', 'host6', 'host7', 'host1', 'host5', 'host4', 'host10', 'host2', 'host9', 'host11']	['host1']	['host13']
66	456	467089624640	101701	244	['host3', 'host15', 'host4']	['host13']	['host9']	['host14']
67	463	4233153	37	244	['host3']	['host7']	['host13']	['host9']
68	466	302	22	136	['host3']	['host7']	['host13']	['host9']
69	472	1070808	1402761	421410	['host3']	['host7']	['host13']	['host9']
70	474	22555	3425	93	['host3']	['host7']	['host13']	['host9']
71	480	17289355	303	15116673	['host3']	['host7']	['host13']	['host9']
72	481	13020668	358690	148534	['host3']	['host7']	['host13']	['host9']
73	485	2377667935	4979403763	182050104	['host3', 'host15', 'host4']	['host13', 'host14', 'host12', 'host3', 'host8', 'host0', 'host15', 'host6', 'host7', 'host1', 'host5', 'host4', 'host10', 'host2', 'host9', 'host11']	['host1']	['host13']
74	496	302	22	136	['host3']	['host7']	['host13']	['host9']
75	499	160421525635	21302095981	2559015744	['host3', 'host15', 'host4']	['host13', 'host14', 'host12', 'host3', 'host8', 'host0', 'host15', 'host6', 'host7', 'host1', 'host5', 'host4', 'host10', 'host2', 'host9', 'host11']	['host1', 'host0', 'host13', 'host2', 'host4', 'host11', 'host12', 'host9', 'host7']	['host8']
76	514	17792112	11278783	138401	['host3']	['host7']	['host13']	['host9']
77	515	18864345	12129252	132668	['host3']	['host7']	['host13']	['host9']
78	515	18543381	11911840	134690	['host3']	['host7']	['host13']	['host9']
79	530	404	22	191	['host3']	['host7']	['host13']	['host9']
80	531	1590684084	7593417002	2090196743	['host3', 'host15', 'host4']	['host13', 'host14', 'host12', 'host3', 'host8', 'host0', 'host15', 'host6', 'host7', 'host1', 'host5', 'host4', 'host10', 'host2', 'host9', 'host11']	['host1', 'host0', 'host13', 'host2', 'host4', 'host11', 'host12']	['host3']
81	548	39718426258	6538279534	22862	['host3', 'host15', 'host4']	['host13', 'host14', 'host12', 'host3', 'host8', 'host0', 'host15', 'host6', 'host7', 'host1', 'host5', 'host4', 'host10', 'host2', 'host9', 'host11']	['host1']	['host13']
82	560	140551969	25310433	2709	['host3']	['host7']	['host13']	['host9']
83	560	18416616174	42790093140	23787043241	['host3', 'host15', 'host4']	['host13', 'host14', 'host12', 'host3', 'host8', 'host0', 'host15', 'host6', 'host7', 'host1', 'host5', 'host4', 'host10', 'host2', 'host9', 'host11']	['host1', 'host0', 'host13', 'host2', 'host4', 'host11', 'host12', 'host9', 'host7', 'host3', 'host14', 'host15', 'host10', 'host5', 'host8', 'host6']	['host1']
84	566	2550	1436	1121	['host3']	['host7']	['host13']	['host9']
85	569	396347971	153416177	30428939	['host3']	['host7']	['host13']	['host9']
86	574	240151344744	19180097866	17029139	['host3', 'host15', 'host4']	['host13', 'host14', 'host12', 'host3', 'host8', 'host0', 'host15', 'host6', 'host7', 'host1', 'host5', 'host4', 'host10', 'host2', 'host9', 'host11']	['host1']	['host13']
87	575	18951043	12158868	135154	['host3']	['host7']	['host13']	['host9']
88	578	302	22	136	['host3']	['host7']	['host13']	['host9']
89	585	404	22	191	['host3']	['host7']	['host13']	['host9']
90	596	554605592	974351549	10949326	['host3', 'host15']	['host13', 'host14', 'host12']	['host11']	['host7']
91	602	230640382975	24012893189	18619965	['host3', 'host15', 'host4']	['host13', 'host14', 'host12', 'host3', 'host8', 'host0', 'host15', 'host6', 'host7', 'host1', 'host5', 'host4', 'host10', 'host2', 'host9', 'host11']	['host1']	['host13']
92	602	5706354	4261258	103288	['host3']	['host7']	['host13']	['host9']
93	611	5786942	5023360	122436	['host3']	['host7']	['host13']	['host9']
94	615	404	22	191	['host3']	['host7']	['host13']	['host9']
95	617	230057340803	22117698818	17740492	['host3', 'host15', 'host4']	['host13', 'host14', 'host12', 'host3', 'host8', 'host0', 'host15', 'host6', 'host7', 'host1', 'host5', 'host4', 'host10', 'host2', 'host9', 'host11']	['host1']	['host13']
96	630	211388538564	15891545508	14530026	['host3', 'host15', 'host4']	['host13', 'host14', 'host12', 'host3', 'host8', 'host0', 'host15', 'host6', 'host7', 'host1', 'host5', 'host4', 'host10', 'host2', 'host9', 'host11']	['host1']	['host13']
97	631	302	18	136	['host3']	['host7']	['host13']	['host9']
98	638	108194735	35073849	14175394	['host3']	['host7']	['host13']	['host9']
99	647	240796251344	25820734945	19282036	['host3', 'host15', 'host4']	['host13', 'host14', 'host12', 'host3', 'host8', 'host0', 'host15', 'host6', 'host7', 'host1', 'host5', 'host4', 'host10', 'host2', 'host9', 'host11']	['host1']	['host13']
100	654	53500053881	1461226151	5864937	['host3', 'host15', 'host4']	['host13', 'host14', 'host12', 'host3', 'host8']	['host7']	['host2']
101	658	302	22	136	['host3']	['host7']	['host13']	['host9']
102	674	404	22	191	['host3']	['host7']	['host13']	['host9']
103	688	22220	22	191	['host3']	['host7']	['host13']	['host9']
104	691	232012059543	25253124733	19283926	['host3', 'host15', 'host4']	['host13', 'host14', 'host12', 'host3', 'host8', 'host0', 'host15', 'host6', 'host7', 'host1', 'host5', 'host4', 'host10', 'host2', 'host9', 'host11']	['host1']	['host13']
105	696	58771293366	532206	12104	['host3', 'host15', 'host4']	['host13']	['host9']	['host14']
106	712	4233153	33	244	['host3']	['host7']	['host13']	['host9']
107	716	404	22	191	['host3']	['host7']	['host13']	['host9']
108	717	488820966	52149862	560	['host3']	['host7']	['host13']	['host9']
109	718	273241731	98101385	415	['host3']	['host7']	['host13']	['host9']
110	723	273241731	35368570	290	['host3']	['host7']	['host13']	['host9']
111	725	1567	1634	1204	['host3']	['host7']	['host13']	['host9']
112	727	302	22	136	['host3']	['host7']	['host13']	['host9']
113	752	2606432247	731306	159877	['host3', 'host15', 'host4']	['host13']	['host9']	['host14']
114	760	302	22	136	['host3']	['host7']	['host13']	['host9']
115	761	2861	4438	643	['host3']	['host7']	['host13']	['host9']
116	766	404	22	191	['host3']	['host7']	['host13']	['host9']
117	786	39745643	27421142	22949073	['host3']	['host7']	['host13']	['host9']
118	798	404	22	191	['host3']	['host7']	['host13']	['host9']
119	814	302	22	136	['host3']	['host7']	['host13']	['host9']
120	818	18467316	11859799	135317	['host3']	['host7']	['host13']	['host9']
121	826	541	61	297	['host3']	['host7']	['host13']	['host9']
122	848	499350845	65252556	632	['host3']	['host7']	['host13']	['host9']
123	852	78548	69133	27683	['host3']	['host7']	['host13']	['host9']
124	853	404	18	191	['host3']	['host7']	['host13']	['host9']
125	853	302	18	136	['host3']	['host7']	['host13']	['host9']
126	861	488839353	37433433	559	['host3']	['host7']	['host13']	['host9']
127	888	213074884	712	517	['host3']	['host7']	['host13']	['host9']
128	889	106505052	712	512	['host3']	['host7']	['host13']	['host9']
129	893	404	22	191	['host3']	['host7']	['host13']	['host9']
130	894	671028477	858095742	18069286	['host3', 'host15']	['host13', 'host14', 'host12']	['host11']	['host7']
131	904	240997951753	23352805238	18523288	['host3', 'host15', 'host4']	['host13', 'host14', 'host12', 'host3', 'host8', 'host0', 'host15', 'host6', 'host7', 'host1', 'host5', 'host4', 'host10', 'host2', 'host9', 'host11']	['host1']	['host13']
132	907	302	22	136	['host3']	['host7']	['host13']	['host9']
133	941	4233153	37	244	['host3']	['host7']	['host13']	['host9']
134	941	302	22	136	['host3']	['host7']	['host13']	['host9']
135	948	404	22	191	['host3']	['host7']	['host13']	['host9']
136	950	2977	3277	1640	['host3']	['host7']	['host13']	['host9']
137	951	2154572	4367337	1800513	['host3']	['host7']	['host13']	['host9']
138	956	16986087	10718876	143981	['host3']	['host7']	['host13']	['host9']
139	967	22553	3460	92	['host3']	['host7']	['host13']	['host9']
140	978	10839989	21553994	11606050	['host3']	['host7']	['host13']	['host9']
141	980	404	22	191	['host3']	['host7']	['host13']	['host9']
142	986	316	161	525	['host3']	['host7']	['host13']	['host9']
143	987	18573410	11930132	135197	['host3']	['host7']	['host13']	['host9']
144	992	302	22	136	['host3']	['host7']	['host13']	['host9']
145	994	823399672	449190226	1134341439	['host3', 'host15', 'host4']	['host13']	['host9', 'host14', 'host3', 'host8']	['host7']
146	995	875035060	695966605	1750412774	['host3', 'host15', 'host4']	['host13', 'host14']	['host14', 'host3', 'host8', 'host0', 'host15', 'host6']	['host8']
147	1023	10839989	20950537	11309947	['host3']	['host7']	['host13']	['host9']
148	1023	302	22	136	['host3']	['host7']	['host13']	['host9']
149	1026	14493275	9199799	122567	['host3']	['host7']	['host13']	['host9']
150	1030	404	18	191	['host3']	['host7']	['host13']	['host9']
151	1032	2478831216	2717436432	285702725	['host3', 'host15', 'host4']	['host13', 'host14', 'host12', 'host3', 'host8', 'host0', 'host15', 'host6', 'host7', 'host1']	['host14']	['host13']
152	1033	30397480641	84799485472	21837842837	['host3', 'host15', 'host4']	['host13', 'host14', 'host12', 'host3', 'host8', 'host0', 'host15', 'host6', 'host7', 'host1', 'host5', 'host4', 'host10', 'host2', 'host9', 'host11']	['host1', 'host0', 'host13', 'host2', 'host4', 'host11', 'host12', 'host9', 'host7', 'host3', 'host14', 'host15', 'host10', 'host5', 'host8', 'host6']	['host1']
153	1034	780	494	496	['host3']	['host7']	['host13']	['host9']
154	1035	237147412000	19386229541	16849671	['host3', 'host15', 'host4']	['host13', 'host14', 'host12', 'host3', 'host8', 'host0', 'host15', 'host6', 'host7', 'host1', 'host5', 'host4', 'host10', 'host2', 'host9', 'host11']	['host1']	['host13']
155	1036	487643	738993	35934	['host3']	['host7']	['host13']	['host9']
156	1036	458551	723315	36634	['host3']	['host7']	['host13']	['host9']
157	1039	232727122878	24344798926	18700956	['host3', 'host15', 'host4']	['host13', 'host14', 'host12', 'host3', 'host8', 'host0', 'host15', 'host6', 'host7', 'host1', 'host5', 'host4', 'host10', 'host2', 'host9', 'host11']	['host1']	['host13']
158	1040	5810392	4340722	101785	['host3']	['host7']	['host13']	['host9']
159	1042	39649064895	6509718329	22860	['host3', 'host15', 'host4']	['host13', 'host14', 'host12', 'host3', 'host8', 'host0', 'host15', 'host6', 'host7', 'host1', 'host5', 'host4', 'host10', 'host2', 'host9', 'host11']	['host1']	['host13']
160	1052	785	489	497	['host3']	['host7']	['host13']	['host9']
161	1053	41858640	29056217	25666855	['host3']	['host7']	['host13']	['host9']
162	1060	17695998	11263986	135284	['host3']	['host7']	['host13']	['host9']
163	1063	404	22	191	['host3']	['host7']	['host13']	['host9']
164	1069	234718207973	18638479713	15412969	['host3', 'host15', 'host4']	['host13', 'host14', 'host12', 'host3', 'host8', 'host0', 'host15', 'host6', 'host7', 'host1', 'host5', 'host4', 'host10', 'host2', 'host9', 'host11']	['host1']	['host13']
165	1073	302	18	136	['host3']	['host7']	['host13']	['host9']
166	1083	52661072443	1501429824	5615845	['host3', 'host15', 'host4']	['host13', 'host14', 'host12', 'host3', 'host8']	['host7']	['host2']
167	1087	1529	665	480	['host3']	['host7']	['host13']	['host9']
168	1100	11078987	11313318	82982	['host3']	['host7']	['host13']	['host9']
169	1104	502465373	3441	2020	['host3']	['host7']	['host13']	['host9']
170	1105	232881640440	22126057072	17562036	['host3', 'host15', 'host4']	['host13', 'host14', 'host12', 'host3', 'host8', 'host0', 'host15', 'host6', 'host7', 'host1', 'host5', 'host4', 'host10', 'host2', 'host9', 'host11']	['host1']	['host13']
171	1113	302	18	136	['host3']	['host7']	['host13']	['host9']
172	1115	404	18	191	['host3']	['host7']	['host13']	['host9']
173	1117	19233627	12369625	133644	['host3']	['host7']	['host13']	['host9']
174	1133	1223987760	31132536	15953988	['host3', 'host15', 'host4']	['host13']	['host9']	['host14']
175	1134	950	3281	4519	['host3']	['host7']	['host13']	['host9']
176	1149	501	49	277	['host3']	['host7']	['host13']	['host9']
177	1159	404	22	191	['host3']	['host7']	['host13']	['host9']
178	1160	302	22	136	['host3']	['host7']	['host13']	['host9']
179	1163	967731336	1017209004	20140297	['host3', 'host15', 'host4']	['host13', 'host14', 'host12']	['host11']	['host7']
180	1165	724	35	24	['host3']	['host7']	['host13']	['host9']
181	1177	728	31	24	['host3']	['host7']	['host13']	['host9']
182	1182	4233153	37	244	['host3']	['host7']	['host13']	['host9']
183	1185	593406721	1051727755	46405073	['host3', 'host15']	['host13', 'host14', 'host12']	['host11']	['host7']
184	1190	11494867	11275182	84699	['host3']	['host7']	['host13']	['host9']
185	1196	404	22	191	['host3']	['host7']	['host13']	['host9']
186	1198	24495517441	424400312	230591	['host3', 'host15', 'host4']	['host13']	['host9']	['host14']
187	1200	234490621572	22743500489	18306313	['host3', 'host15', 'host4']	['host13', 'host14', 'host12', 'host3', 'host8', 'host0', 'host15', 'host6', 'host7', 'host1', 'host5', 'host4', 'host10', 'host2', 'host9', 'host11']	['host1']	['host13']
188	1202	8245274	661164	1416	['host3']	['host7']	['host13']	['host9']
189	1204	302	18	136	['host3']	['host7']	['host13']	['host9']
190	1204	19235154	12339981	136516	['host3']	['host7']	['host13']	['host9']
191	1234	4243	35	24	['host3']	['host7']	['host13']	['host9']
192	1241	35956	22	127	['host3']	['host7']	['host13']	['host9']
193	1241	404	22	191	['host3']	['host7']	['host13']	['host9']
194	1246	414096884	404282459	607890162	['host3']	['host7']	['host13', 'host14']	['host14']
195	1248	302	22	136	['host3']	['host7']	['host13']	['host9']
196	1265	1370	1030	760	['host3']	['host7']	['host13']	['host9']
197	1277	239402246736	25681134220	19480841	['host3', 'host15', 'host4']	['host13', 'host14', 'host12', 'host3', 'host8', 'host0', 'host15', 'host6', 'host7', 'host1', 'host5', 'host4', 'host10', 'host2', 'host9', 'host11']	['host1']	['host13']
198	1286	404	22	191	['host3']	['host7']	['host13']	['host9']
199	1289	11201966	10721205	84529	['host3']	['host7']	['host13']	['host9']
200	1290	302	22	136	['host3']	['host7']	['host13']	['host9']
201	1304	18476912	11855630	138941	['host3']	['host7']	['host13']	['host9']
202	1322	1898990	2478380	1060304	['host3']	['host7']	['host13']	['host9']
203	1327	404	22	191	['host3']	['host7']	['host13']	['host9']
204	1330	302	22	136	['host3']	['host7']	['host13']	['host9']
205	1340	225472	255079	171767	['host3']	['host7']	['host13']	['host9']
206	1345	113051525128	62842515559	50893523	['host3', 'host15', 'host4']	['host13', 'host14', 'host12', 'host3', 'host8', 'host0', 'host15', 'host6', 'host7', 'host1', 'host5', 'host4', 'host10', 'host2', 'host9', 'host11']	['host1']	['host13']
207	1346	215968361970	20554301021	17660976	['host3', 'host15', 'host4']	['host13', 'host14', 'host12', 'host3', 'host8', 'host0', 'host15', 'host6', 'host7', 'host1', 'host5', 'host4', 'host10', 'host2', 'host9', 'host11']	['host1']	['host13']
208	1351	45118950	30944577	27864999	['host3']	['host7']	['host13']	['host9']
209	1356	5562931	4166455	100745	['host3']	['host7']	['host13']	['host9']
210	1358	18653927	11974894	135044	['host3']	['host7']	['host13']	['host9']
211	1360	3148985586	294274239	169539217	['host3', 'host15', 'host4']	['host13']	['host9']	['host14']
212	1360	528249	591790	180182	['host3']	['host7']	['host13']	['host9']
213	1366	404	22	191	['host3']	['host7']	['host13']	['host9']
214	1372	302	22	136	['host3']	['host7']	['host13']	['host9']
215	1377	22551	3445	91	['host3']	['host7']	['host13']	['host9']
216	1381	11262984	308566	132340	['host3']	['host7']	['host13']	['host9']
217	1384	15374133	9735304	126231	['host3']	['host7']	['host13']	['host9']
218	1388	113036789755	62813649472	5809393	['host3', 'host15', 'host4']	['host13', 'host14', 'host12', 'host3', 'host8', 'host0', 'host15', 'host6', 'host7', 'host1', 'host5', 'host4', 'host10', 'host2', 'host9', 'host11']	['host1']	['host13']
219	1401	16807428	10627616	138276	['host3']	['host7']	['host13']	['host9']
220	1402	55130	87037	252	['host3']	['host7']	['host13']	['host9']
221	1405	55630	89411	341	['host3']	['host7']	['host13']	['host9']
222	1406	54222360284	1557161693	5776443	['host3', 'host15', 'host4']	['host13', 'host14', 'host12', 'host3', 'host8']	['host7']	['host2']
223	1409	302	22	136	['host3']	['host7']	['host13']	['host9']
224	1412	404	22	191	['host3']	['host7']	['host13']	['host9']
225	1421	4233153	37	244	['host3']	['host7']	['host13']	['host9']
226	1441	243640980725	25170793899	19098793	['host3', 'host15', 'host4']	['host13', 'host14', 'host12', 'host3', 'host8', 'host0', 'host15', 'host6', 'host7', 'host1', 'host5', 'host4', 'host10', 'host2', 'host9', 'host11']	['host1']	['host13']
227	1446	404	22	191	['host3']	['host7']	['host13']	['host9']
228	1450	39582462037	6506078638	22866	['host3', 'host15', 'host4']	['host13', 'host14', 'host12', 'host3', 'host8', 'host0', 'host15', 'host6', 'host7', 'host1', 'host5', 'host4', 'host10', 'host2', 'host9', 'host11']	['host1']	['host13']
229	1460	302	22	136	['host3']	['host7']	['host13']	['host9']
230	1467	56225964432	1676674305	6478142	['host3', 'host15', 'host4']	['host13', 'host14', 'host12', 'host3', 'host8', 'host0']	['host7']	['host2']
231	1468	45867112	98396669	51608051	['host3']	['host7']	['host13']	['host9']
232	1473	33949201899	126425	5078	['host3', 'host15', 'host4']	['host13']	['host9']	['host14']
233	1484	246124068390	20276444516	17083176	['host3', 'host15', 'host4']	['host13', 'host14', 'host12', 'host3', 'host8', 'host0', 'host15', 'host6', 'host7', 'host1', 'host5', 'host4', 'host10', 'host2', 'host9', 'host11']	['host1']	['host13']
234	1487	1076131679	1122659518	21898112	['host3', 'host15', 'host4']	['host13', 'host14', 'host12', 'host3']	['host7']	['host2']
235	1491	302	22	136	['host3']	['host7']	['host13']	['host9']
236	1501	404	22	191	['host3']	['host7']	['host13']	['host9']
237	1520	9024478	27891943	13622262	['host3']	['host7']	['host13']	['host9']
238	1529	404	22	191	['host3']	['host7']	['host13']	['host9']
239	1551	302	22	136	['host3']	['host7']	['host13']	['host9']
240	1569	17517840	11155897	134035	['host3']	['host7']	['host13']	['host9']
241	1577	302	22	136	['host3']	['host7']	['host13']	['host9']
242	1586	404	22	191	['host3']	['host7']	['host13']	['host9']
243	1606	667980238	75475843	9905582	['host3', 'host15']	['host13']	['host9']	['host14']
244	1612	404	22	191	['host3']	['host7']	['host13']	['host9']
245	1617	18260091	11749162	131577	['host3']	['host7']	['host13']	['host9']
246	1623	240855068313	22536868928	17696193	['host3', 'host15', 'host4']	['host13', 'host14', 'host12', 'host3', 'host8', 'host0', 'host15', 'host6', 'host7', 'host1', 'host5', 'host4', 'host10', 'host2', 'host9', 'host11']	['host1']	['host13']
247	1631	302	22	136	['host3']	['host7']	['host13']	['host9']
248	1633	5723361	4268112	101060	['host3']	['host7']	['host13']	['host9']
249	1646	2649489423	644110	121826	['host3', 'host15', 'host4']	['host13']	['host9']	['host14']
250	1659	4233153	37	244	['host3']	['host7']	['host13']	['host9']
251	1661	212251475794	20586651485	17659445	['host3', 'host15', 'host4']	['host13', 'host14', 'host12', 'host3', 'host8', 'host0', 'host15', 'host6', 'host7', 'host1', 'host5', 'host4', 'host10', 'host2', 'host9', 'host11']	['host1']	['host13']
252	1664	302	22	136	['host3']	['host7']	['host13']	['host9']
253	1668	404	22	191	['host3']	['host7']	['host13']	['host9']
254	1686	54093843196	1415878251	5786228	['host3', 'host15', 'host4']	['host13', 'host14', 'host12', 'host3', 'host8']	['host7']	['host2']
255	1703	404	22	191	['host3']	['host7']	['host13']	['host9']
256	1714	339721845	481621571	582978752	['host3']	['host7']	['host13', 'host14']	['host14']
257	1733	10079909	31040787	14989708	['host3']	['host7']	['host13']	['host9']
258	1739	302	22	136	['host3']	['host7']	['host13']	['host9']
259	1739	5604	4243	2089	['host3']	['host7']	['host13']	['host9']
260	1741	21813105981	349424809	6141170	['host3', 'host15', 'host4']	['host13']	['host9']	['host14']
261	1759	265116747406	44284649	76612	['host3', 'host15', 'host4']	['host13']	['host9']	['host14']
262	1767	302	22	136	['host3']	['host7']	['host13']	['host9']
263	1771	10030998360	27005917196	6957820497	['host3', 'host15', 'host4']	['host13', 'host14', 'host12', 'host3', 'host8', 'host0', 'host15', 'host6', 'host7', 'host1', 'host5', 'host4', 'host10', 'host2', 'host9', 'host11']	['host1', 'host0', 'host13', 'host2', 'host4', 'host11', 'host12', 'host9', 'host7', 'host3', 'host14', 'host15', 'host10', 'host5', 'host8', 'host6']	['host1']
264	1772	6420687	4764678	115462	['host3']	['host7']	['host13']	['host9']
265	1776	404	22	191	['host3']	['host7']	['host13']	['host9']
266	1780	19050815	12224493	137339	['host3']	['host7']	['host13']	['host9']
267	1784	265116747406	44616803	76898	['host3', 'host15', 'host4']	['host13']	['host9']	['host14']
268	1794	45867112	93747411	48866564	['host3']	['host7']	['host13']	['host9']
269	1809	404	22	191	['host3']	['host7']	['host13']	['host9']
270	1831	302	22	136	['host3']	['host7']	['host13']	['host9']
271	1832	17040041	10770965	138771	['host3']	['host7']	['host13']	['host9']
272	1833	64421278969	1760491544	7349670	['host3', 'host15', 'host4']	['host13', 'host14', 'host12', 'host3', 'host8', 'host0']	['host7']	['host2']
273	1834	962222509	85329076	10514380	['host3', 'host15', 'host4']	['host13']	['host9']	['host14']
274	1843	44428967	24389735	18425731	['host3']	['host7']	['host13']	['host9']
275	1847	50388434	133475709	47739481	['host3']	['host7']	['host13']	['host9']
276	1850	22557	3446	92	['host3']	['host7']	['host13']	['host9']
277	1862	302	22	136	['host3']	['host7']	['host13']	['host9']
278	1868	404	22	191	['host3']	['host7']	['host13']	['host9']
279	1897	404	22	191	['host3']	['host7']	['host13']	['host9']
280	1899	58771293366	532278	12104	['host3', 'host15', 'host4']	['host13']	['host9']	['host14']
281	1899	5732791	4276689	102365	['host3']	['host7']	['host13']	['host9']
282	1901	229400923710	23382654052	18652846	['host3', 'host15', 'host4']	['host13', 'host14', 'host12', 'host3', 'host8', 'host0', 'host15', 'host6', 'host7', 'host1', 'host5', 'host4', 'host10', 'host2', 'host9', 'host11']	['host1']	['host13']
283	1914	248492382626	20364808723	17105799	['host3', 'host15', 'host4']	['host13', 'host14', 'host12', 'host3', 'host8', 'host0', 'host15', 'host6', 'host7', 'host1', 'host5', 'host4', 'host10', 'host2', 'host9', 'host11']	['host1']	['host13']
284	1919	302	22	136	['host3']	['host7']	['host13']	['host9']
285	1928	4233153	37	244	['host3']	['host7']	['host13']	['host9']
286	1933	1546351	1726409	26482	['host3']	['host7']	['host13']	['host9']
287	1935	232934295732	1355787418	862496	['host3', 'host15', 'host4']	['host13', 'host14', 'host12', 'host3', 'host8']	['host7']	['host2']
288	1936	370840369	381438364	14083301	['host3']	['host7']	['host13']	['host9']
289	1945	404	22	191	['host3']	['host7']	['host13']	['host9']
290	1953	49026305184	1369787413	5206732	['host3', 'host15', 'host4']	['host13', 'host14', 'host12', 'host3', 'host8']	['host7']	['host2']
291	1956	39496872917	6511343631	22736	['host3', 'host15', 'host4']	['host13', 'host14', 'host12', 'host3', 'host8', 'host0', 'host15', 'host6', 'host7', 'host1', 'host5', 'host4', 'host10', 'host2', 'host9', 'host11']	['host1']	['host13']
292	1963	5050181310	8634954285	3133680539	['host3', 'host15', 'host4']	['host13', 'host14', 'host12', 'host3', 'host8', 'host0', 'host15', 'host6', 'host7', 'host1', 'host5', 'host4', 'host10', 'host2', 'host9', 'host11']	['host1', 'host0', 'host13', 'host2', 'host4', 'host11', 'host12', 'host9', 'host7', 'host3', 'host14']	['host2']
293	1975	302	22	136	['host3']	['host7']	['host13']	['host9']
294	1993	154040214717	89344027792	4182228	['host3', 'host15', 'host4']	['host13', 'host14', 'host12', 'host3', 'host8', 'host0', 'host15', 'host6', 'host7', 'host1', 'host5', 'host4', 'host10', 'host2', 'host9', 'host11']	['host1']	['host13']
295	1995	302	22	136	['host3']	['host7']	['host13']	['host9']
296	2000	1355904308	180963419	1291478434	['host3', 'host15', 'host4']	['host13']	['host9', 'host14', 'host3', 'host8']	['host7']
297	2024	404	22	191	['host3']	['host7']	['host13']	['host9']
298	2027	51094785	66323658	138673	['host3']	['host7']	['host13']	['host9']
299	2039	404	22	191	['host3']	['host7']	['host13']	['host9']
300	2084	302	18	136	['host3']	['host7']	['host13']	['host9']
301	2087	302	22	136	['host3']	['host7']	['host13']	['host9']
302	2088	745591	382096	1866	['host3']	['host7']	['host13']	['host9']
303	2088	7292656	5278327	122403	['host3']	['host7']	['host13']	['host9']
304	2093	16876728	23630960	89955	['host3']	['host7']	['host13']	['host9']
305	2095	16335180	23519797	119847	['host3']	['host7']	['host13']	['host9']
306	2096	5749872	17966504	6211583	['host3']	['host7']	['host13']	['host9']
307	2102	36928626	21907489	14729879	['host3']	['host7']	['host13']	['host9']
308	2113	10957571	33777140	16501286	['host3']	['host7']	['host13']	['host9']
309	2121	404	22	191	['host3']	['host7']	['host13']	['host9']
310	2123	404	22	191	['host3']	['host7']	['host13']	['host9']
311	2124	35956	18	127	['host3']	['host7']	['host13']	['host9']
312	2137	63222459671	1749225364	6947793	['host3', 'host15', 'host4']	['host13', 'host14', 'host12', 'host3', 'host8', 'host0']	['host7']	['host2']
313	2137	1982890	2713710	64771	['host3']	['host7']	['host13']	['host9']
314	2138	1918837	2713745	75486	['host3']	['host7']	['host13']	['host9']
315	2141	4233153	37	244	['host3']	['host7']	['host13']	['host9']
316	2150	190507754	139251691	4581021	['host3']	['host7']	['host13']	['host9']
317	2164	3148985586	294481177	169539217	['host3', 'host15', 'host4']	['host13']	['host9']	['host14']
318	2164	302	22	136	['host3']	['host7']	['host13']	['host9']
319	2167	302	22	136	['host3']	['host7']	['host13']	['host9']
320	2182	7179312036	14771757512	9660334123	['host3', 'host15', 'host4']	['host13', 'host14', 'host12', 'host3', 'host8', 'host0', 'host15', 'host6', 'host7', 'host1', 'host5', 'host4', 'host10', 'host2', 'host9', 'host11']	['host1', 'host0', 'host13', 'host2', 'host4', 'host11', 'host12', 'host9', 'host7', 'host3', 'host14', 'host15', 'host10', 'host5', 'host8', 'host6']	['host1']
321	2183	618388019	586508011	415594294	['host3', 'host15']	['host13', 'host14']	['host14']	['host11']
322	2187	48381359	60983813	169358	['host3']	['host7']	['host13']	['host9']
323	2187	261742054	205053400	11310930	['host3']	['host7']	['host13']	['host9']
324	2200	404	22	191	['host3']	['host7']	['host13']	['host9']
325	2204	404	22	191	['host3']	['host7']	['host13']	['host9']
326	2207	1069728282	91304553	11220998	['host3', 'host15', 'host4']	['host13']	['host9']	['host14']
327	2220	17062455	10785581	139500	['host3']	['host7']	['host13']	['host9']
328	2231	58771293366	613198	1993	['host3', 'host15', 'host4']	['host13']	['host9']	['host14']
329	2234	41286	77	62	['host3']	['host7']	['host13']	['host9']
330	2252	85799151264	5880420621	24305071	['host3', 'host15', 'host4']	['host13', 'host14', 'host12', 'host3', 'host8', 'host0', 'host15', 'host6', 'host7', 'host1', 'host5', 'host4', 'host10', 'host2', 'host9', 'host11']	['host1']	['host13']
331	2255	5153403	3909163	100026	['host3']	['host7']	['host13']	['host9']
332	2264	18605373	11945340	137233	['host3']	['host7']	['host13']	['host9']
333	2282	17616603	11207886	133758	['host3']	['host7']	['host13']	['host9']
334	2294	22429	3461	91	['host3']	['host7']	['host13']	['host9']
335	2307	260283878220	21820442361	17642390	['host3', 'host15', 'host4']	['host13', 'host14', 'host12', 'host3', 'host8', 'host0', 'host15', 'host6', 'host7', 'host1', 'host5', 'host4', 'host10', 'host2', 'host9', 'host11']	['host1']	['host13']
336	2313	12234738482	3633559	16253	['host3', 'host15', 'host4']	['host13']	['host9']	['host14']
337	2333	58771293366	532764	12104	['host3', 'host15', 'host4']	['host13']	['host9']	['host14']
338	2334	48446466994	1451793180	5163221	['host3', 'host15', 'host4']	['host13', 'host14', 'host12', 'host3', 'host8']	['host7']	['host2']
339	2335	302	22	136	['host3']	['host7']	['host13']	['host9']
340	2336	302	22	136	['host3']	['host7']	['host13']	['host9']
341	2345	17615000	11233116	127601	['host3']	['host7']	['host13']	['host9']
342	2353	367714	394617	129340	['host3']	['host7']	['host13']	['host9']
343	2353	11198017	317287	136563	['host3']	['host7']	['host13']	['host9']
344	2355	4951317	12715465	5911832	['host3']	['host7']	['host13']	['host9']
345	2356	205135900065	20583127115	17714577	['host3', 'host15', 'host4']	['host13', 'host14', 'host12', 'host3', 'host8', 'host0', 'host15', 'host6', 'host7', 'host1', 'host5', 'host4', 'host10', 'host2', 'host9', 'host11']	['host1']	['host13']
346	2366	39439904498	6681858094	22558	['host3', 'host15', 'host4']	['host13', 'host14', 'host12', 'host3', 'host8', 'host0', 'host15', 'host6', 'host7', 'host1', 'host5', 'host4', 'host10', 'host2', 'host9', 'host11']	['host1']	['host13']
347	2372	404	22	191	['host3']	['host7']	['host13']	['host9']
348	2378	404	22	191	['host3']	['host7']	['host13']	['host9']
349	2380	4233153	37	244	['host3']	['host7']	['host13']	['host9']
350	2413	6892813	4982187	119756	['host3']	['host7']	['host13']	['host9']
351	2469	24123476	20222289	993	['host3']	['host7']	['host13']	['host9']
352	2473	4163228	5951447	3800345	['host3']	['host7']	['host13']	['host9']
353	2507	98649618686	30940	255	['host3', 'host15', 'host4']	['host13']	['host9']	['host14']
354	2510	35956	22	127	['host3']	['host7']	['host13']	['host9']
355	2515	3800613	5951447	3269034	['host3']	['host7']	['host13']	['host9']
356	2529	273570207	35369464	288	['host3']	['host7']	['host13']	['host9']
357	2534	58771293366	602824	1994	['host3', 'host15', 'host4']	['host13']	['host9']	['host14']
358	2539	699507137	3123140500	5756	['host3', 'host15']	['host13', 'host14', 'host12', 'host3', 'host8', 'host0', 'host15', 'host6', 'host7', 'host1', 'host5']	['host13']	['host7']
359	2542	488839353	37881628	514	['host3']	['host7']	['host13']	['host9']
360	2548	17670091	11249618	131759	['host3']	['host7']	['host13']	['host9']
361	2555	5255906	13501981	6279018	['host3']	['host7']	['host13']	['host9']
362	2559	2210596220	520010845	85512572	['host3', 'host15', 'host4']	['host13']	['host9']	['host14']
363	2562	450075	3335569	195586	['host3']	['host7']	['host13']	['host9']
364	2563	243299887757	24155061553	18862496	['host3', 'host15', 'host4']	['host13', 'host14', 'host12', 'host3', 'host8', 'host0', 'host15', 'host6', 'host7', 'host1', 'host5', 'host4', 'host10', 'host2', 'host9', 'host11']	['host1']	['host13']
365	2563	65024269903	1726981783	7495980	['host3', 'host15', 'host4']	['host13', 'host14', 'host12', 'host3', 'host8', 'host0']	['host7']	['host2']
366	2565	302	22	136	['host3']	['host7']	['host13']	['host9']
367	2565	302	22	136	['host3']	['host7']	['host13']	['host9']
368	2565	5110077	3881468	99133	['host3']	['host7']	['host13']	['host9']
369	2581	2780445877	707778	139698	['host3', 'host15', 'host4']	['host13']	['host9']	['host14']
370	2583	4002435	5322594	3704575	['host3']	['host7']	['host13']	['host9']
371	2587	599411182	1052445352	52086248	['host3', 'host15']	['host13', 'host14', 'host12']	['host11']	['host7']
372	2591	6590206341	8037562	142697	['host3', 'host15', 'host4']	['host13']	['host9']	['host14']
373	2599	404	22	191	['host3']	['host7']	['host13']	['host9']
374	2600	404	22	191	['host3']	['host7']	['host13']	['host9']
375	2603	210224749929	21724251902	17817991	['host3', 'host15', 'host4']	['host13', 'host14', 'host12', 'host3', 'host8', 'host0', 'host15', 'host6', 'host7', 'host1', 'host5', 'host4', 'host10', 'host2', 'host9', 'host11']	['host1']	['host13']
376	2610	233890475	1014	68714766	['host3']	['host7']	['host13']	['host9']
377	2611	2616438218	581864603	99339637	['host3', 'host15', 'host4']	['host13', 'host14']	['host14']	['host11']
378	2621	4233153	37	244	['host3']	['host7']	['host13']	['host9']
379	2626	49320327289	1495382612	5254874	['host3', 'host15', 'host4']	['host13', 'host14', 'host12', 'host3', 'host8']	['host7']	['host2']
380	2640	302	22	136	['host3']	['host7']	['host13']	['host9']
381	2641	302	22	136	['host3']	['host7']	['host13']	['host9']
382	2643	17597754	11125674	139872	['host3']	['host7']	['host13']	['host9']
383	2651	257	52	285	['host3']	['host7']	['host13']	['host9']
384	2663	404	22	191	['host3']	['host7']	['host13']	['host9']
385	2673	404	22	191	['host3']	['host7']	['host13']	['host9']
386	2675	3428	2708	1562	['host3']	['host7']	['host13']	['host9']
387	2691	275018445647	22941142761	17949412	['host3', 'host15', 'host4']	['host13', 'host14', 'host12', 'host3', 'host8', 'host0', 'host15', 'host6', 'host7', 'host1', 'host5', 'host4', 'host10', 'host2', 'host9', 'host11']	['host1']	['host13']
388	2694	22249	3330	90	['host3']	['host7']	['host13']	['host9']
389	2699	561285	850751	1074	['host3']	['host7']	['host13']	['host9']
390	2699	2294309	3654608	3998	['host3']	['host7']	['host13']	['host9']
391	2700	525156	782026	1157	['host3']	['host7']	['host13']	['host9']
392	2701	17954	27144	1114	['host3']	['host7']	['host13']	['host9']
393	2701	307211	516515	1006	['host3']	['host7']	['host13']	['host9']
394	2707	302	22	136	['host3']	['host7']	['host13']	['host9']
395	2719	1342	1534	891	['host3']	['host7']	['host13']	['host9']
396	2720	302	22	136	['host3']	['host7']	['host13']	['host9']
397	2724	1274	1480	882	['host3']	['host7']	['host13']	['host9']
398	2724	4266	6434	3933	['host3']	['host7']	['host13']	['host9']
399	2725	1382	1642	871	['host3']	['host7']	['host13']	['host9']
400	2733	15038205485	171891753	49596529	['host3', 'host15', 'host4']	['host13']	['host9']	['host14']
401	2735	1425	1548	943	['host3']	['host7']	['host13']	['host9']
402	2736	404	22	191	['host3']	['host7']	['host13']	['host9']
403	2759	404	22	191	['host3']	['host7']	['host13']	['host9']
404	2767	302	22	136	['host3']	['host7']	['host13']	['host9']
405	2768	64306595974	100056612	1421433	['host3', 'host15', 'host4']	['host13']	['host9']	['host14']
406	2768	77302089315	111099756	1423047	['host3', 'host15', 'host4']	['host13']	['host9']	['host14']
407	2768	78355250388	137008613	1422839	['host3', 'host15', 'host4']	['host13']	['host9']	['host14']
408	2768	78426386362	116131471	1423128	['host3', 'host15', 'host4']	['host13']	['host9']	['host14']
409	2768	85808475492	123067830	1425572	['host3', 'host15', 'host4']	['host13']	['host9']	['host14']
410	2769	73476471165	118054245	1421916	['host3', 'host15', 'host4']	['host13']	['host9']	['host14']
411	2771	83536091926	150032764	1422960	['host3', 'host15', 'host4']	['host13']	['host9']	['host14']
412	2773	39373901470	6656381387	22567	['host3', 'host15', 'host4']	['host13', 'host14', 'host12', 'host3', 'host8', 'host0', 'host15', 'host6', 'host7', 'host1', 'host5', 'host4', 'host10', 'host2', 'host9', 'host11']	['host1']	['host13']
413	2781	461367387	3769	2128	['host3']	['host7']	['host13']	['host9']
414	2781	80143422	33663233	37727230	['host3']	['host7']	['host13']	['host9']
415	2790	1796049228	8449422696	2362864739	['host3', 'host15', 'host4']	['host13', 'host14', 'host12', 'host3', 'host8', 'host0', 'host15', 'host6', 'host7', 'host1', 'host5', 'host4', 'host10', 'host2', 'host9', 'host11']	['host1', 'host0', 'host13', 'host2', 'host4', 'host11', 'host12', 'host9']	['host5']
416	2809	302	22	136	['host3']	['host7']	['host13']	['host9']
417	2813	404	18	191	['host3']	['host7']	['host13']	['host9']
418	2818	14096966427	48957062	1418227	['host3', 'host15', 'host4']	['host13']	['host9']	['host14']
419	2824	12225750	19812745	3876	['host3']	['host7']	['host13']	['host9']
420	2824	12225750	9467	593	['host3']	['host7']	['host13']	['host9']
421	2824	12225750	19633788	3077	['host3']	['host7']	['host13']	['host9']
422	2824	12225750	20987019	4337	['host3']	['host7']	['host13']	['host9']
423	2825	12225750	19424143	5489	['host3']	['host7']	['host13']	['host9']
424	2825	591102596	1076486617	46605573	['host3', 'host15']	['host13', 'host14', 'host12', 'host3']	['host7']	['host2']
425	2825	12225750	18097948	5702	['host3']	['host7']	['host13']	['host9']
426	2826	2530178752200	580094576	50419	['host3', 'host15', 'host4']	['host13', 'host14']	['host14']	['host11']
427	2826	12225750	20646249	10726	['host3']	['host7']	['host13']	['host9']
428	2827	12225750	19247429	3423	['host3']	['host7']	['host13']	['host9']
429	2827	12225750	47548	191	['host3']	['host7']	['host13']	['host9']
430	2827	12225750	9324	191	['host3']	['host7']	['host13']	['host9']
431	2828	12225750	2298	191	['host3']	['host7']	['host13']	['host9']
432	2847	3148985586	289408766	169539217	['host3', 'host15', 'host4']	['host13']	['host9']	['host14']
433	2848	302	22	136	['host3']	['host7']	['host13']	['host9']
434	2848	14083569	22498926	10944336	['host3']	['host7']	['host13']	['host9']
435	2849	404	22	191	['host3']	['host7']	['host13']	['host9']
436	2851	319170822	638	404	['host3']	['host7']	['host13']	['host9']
437	2851	340099	289	119	['host3']	['host7']	['host13']	['host9']
438	2862	4233153	37	244	['host3']	['host7']	['host13']	['host9']
439	2862	96842813	33663233	43634346	['host3']	['host7']	['host13']	['host9']
440	2863	68715034	42108439	1817	['host3']	['host7']	['host13']	['host9']
441	2889	404	22	191	['host3']	['host7']	['host13']	['host9']
442	2895	302	22	136	['host3']	['host7']	['host13']	['host9']
443	2916	2220273680	437208769	76767191	['host3', 'host15', 'host4']	['host13']	['host9']	['host14']
444	2923	37831360727	45801791923	2916878394	['host3', 'host15', 'host4']	['host13', 'host14', 'host12', 'host3', 'host8', 'host0', 'host15', 'host6', 'host7', 'host1', 'host5', 'host4', 'host10', 'host2', 'host9', 'host11']	['host1', 'host0', 'host13', 'host2', 'host4', 'host11', 'host12', 'host9', 'host7', 'host3']	['host3']
445	2928	33949201899	125975	5079	['host3', 'host15', 'host4']	['host13']	['host9']	['host14']
446	2929	51612008	110547541	57856391	['host3']	['host7']	['host13']	['host9']
447	2932	1256490300	24629549	11817695	['host3', 'host15', 'host4']	['host13']	['host9']	['host14']
448	2933	302	22	136	['host3']	['host7']	['host13']	['host9']
449	2934	404	22	191	['host3']	['host7']	['host13']	['host9']
450	2962	7438081	5390578	124212	['host3']	['host7']	['host13']	['host9']
451	2963	5201782	3938461	97733	['host3']	['host7']	['host13']	['host9']
452	2964	5609794	14438312	6715229	['host3']	['host7']	['host13']	['host9']
453	2964	18815208	12085334	134769	['host3']	['host7']	['host13']	['host9']
454	2965	302	18	136	['host3']	['host7']	['host13']	['host9']
455	2973	404	22	191	['host3']	['host7']	['host13']	['host9']
456	2985	49300451572	1495348925	5254874	['host3', 'host15', 'host4']	['host13', 'host14', 'host12', 'host3', 'host8']	['host7']	['host2']
457	2988	404	22	191	['host3']	['host7']	['host13']	['host9']
458	2993	17773241	11328318	129554	['host3']	['host7']	['host13']	['host9']
459	3013	61968049140	1414864384	5851584	['host3', 'host15', 'host4']	['host13', 'host14', 'host12', 'host3', 'host8']	['host7']	['host2']
460	3014	17904093	11444308	143607	['host3']	['host7']	['host13']	['host9']
461	3019	302	22	136	['host3']	['host7']	['host13']	['host9']
462	3024	1307193	766	315	['host3']	['host7']	['host13']	['host9']
463	3025	45301	17708	31126342272	['host3']	['host7']	['host13', 'host14', 'host12', 'host3', 'host8', 'host0', 'host15', 'host6', 'host7', 'host1', 'host5', 'host4', 'host10', 'host2', 'host9', 'host11']	['host1']
464	3033	302	22	136	['host3']	['host7']	['host13']	['host9']
465	3042	51612008	104365945	54278872	['host3']	['host7']	['host13']	['host9']
466	3045	1582460117	488679215	85307537	['host3', 'host15', 'host4']	['host13']	['host9']	['host14']
467	3049	11311198	18108201	8758244	['host3']	['host7']	['host13']	['host9']
468	3051	19454710	1249	1157	['host3']	['host7']	['host13']	['host9']
469	3055	241936760736	24138252900	18705311	['host3', 'host15', 'host4']	['host13', 'host14', 'host12', 'host3', 'host8', 'host0', 'host15', 'host6', 'host7', 'host1', 'host5', 'host4', 'host10', 'host2', 'host9', 'host11']	['host1']	['host13']
470	3058	404	18	191	['host3']	['host7']	['host13']	['host9']
471	3069	186355552600	13083810114	1801889071	['host3', 'host15', 'host4']	['host13', 'host14', 'host12', 'host3', 'host8', 'host0', 'host15', 'host6', 'host7', 'host1', 'host5', 'host4', 'host10', 'host2', 'host9', 'host11']	['host1', 'host0', 'host13', 'host2', 'host4', 'host11']	['host3']
472	3069	19051068748	5544821129	1533272656	['host3', 'host15', 'host4']	['host13', 'host14', 'host12', 'host3', 'host8', 'host0', 'host15', 'host6', 'host7', 'host1', 'host5', 'host4', 'host10', 'host2', 'host9', 'host11']	['host1', 'host0', 'host13', 'host2', 'host4']	['host13']
473	3070	266364895639	21959714809	17870230	['host3', 'host15', 'host4']	['host13', 'host14', 'host12', 'host3', 'host8', 'host0', 'host15', 'host6', 'host7', 'host1', 'host5', 'host4', 'host10', 'host2', 'host9', 'host11']	['host1']	['host13']
474	3070	226526883956	23582339054	18393770	['host3', 'host15', 'host4']	['host13', 'host14', 'host12', 'host3', 'host8', 'host0', 'host15', 'host6', 'host7', 'host1', 'host5', 'host4', 'host10', 'host2', 'host9', 'host11']	['host1']	['host13']
475	3071	404	22	191	['host3']	['host7']	['host13']	['host9']
476	3102	4233153	37	244	['host3']	['host7']	['host13']	['host9']
477	3102	2926776225	3355059655	2023328490	['host3', 'host15', 'host4']	['host13', 'host14', 'host12', 'host3', 'host8', 'host0', 'host15', 'host6', 'host7', 'host1', 'host5', 'host4']	['host7', 'host4', 'host10', 'host2', 'host1', 'host13', 'host8']	['host10']
478	3102	22258	3302	92	['host3']	['host7']	['host13']	['host9']
479	3109	302	22	136	['host3']	['host7']	['host13']	['host9']
480	3111	1148852642	288951286	51461827	['host3', 'host15', 'host4']	['host13']	['host9']	['host14']
481	3125	302	22	136	['host3']	['host7']	['host13']	['host9']
482	3125	45996304	94905574	49218865	['host3']	['host7']	['host13']	['host9']
483	3134	65793216	18055844	31970765	['host3']	['host7']	['host13']	['host9']
484	3136	273016184	88401397	291	['host3']	['host7']	['host13']	['host9']
485	3148	404	22	191	['host3']	['host7']	['host13']	['host9']
486	3153	499350845	65928621	610	['host3']	['host7']	['host13']	['host9']
487	3156	367714	394617	129340	['host3']	['host7']	['host13']	['host9']
488	3167	404	22	191	['host3']	['host7']	['host13']	['host9']
489	3172	113047429921	62832261743	38994793	['host3', 'host15', 'host4']	['host13', 'host14', 'host12', 'host3', 'host8', 'host0', 'host15', 'host6', 'host7', 'host1', 'host5', 'host4', 'host10', 'host2', 'host9', 'host11']	['host1']	['host13']
490	3173	5851554	8301975	47326	['host3']	['host7']	['host13']	['host9']
491	3175	302	22	136	['host3']	['host7']	['host13']	['host9']
492	3178	341248	339621	109064	['host3']	['host7']	['host13']	['host9']
493	3182	39775087521	6563205412	22865	['host3', 'host15', 'host4']	['host13', 'host14', 'host12', 'host3', 'host8', 'host0', 'host15', 'host6', 'host7', 'host1', 'host5', 'host4', 'host10', 'host2', 'host9', 'host11']	['host1']	['host13']
494	3195	302	22	136	['host3']	['host7']	['host13']	['host9']
495	3200	10980778	314555	135291	['host3']	['host7']	['host13']	['host9']
496	3212	404	22	191	['host3']	['host7']	['host13']	['host9']
497	3234	404	18	191	['host3']	['host7']	['host13']	['host9']
498	3237	45996304	88596657	46063911	['host3']	['host7']	['host13']	['host9']
499	3248	37727498	43878773	20241197	['host3']	['host7']	['host13']	['host9']
500	3256	74881908698	551208	10989	['host3', 'host15', 'host4']	['host13']	['host9']	['host14']
501	3256	273570207	35369464	288	['host3']	['host7']	['host13']	['host9']
502	3260	57288799	74669598	153477	['host3']	['host7']	['host13']	['host9']
503	3279	2443	1831	1011	['host3']	['host7']	['host13']	['host9']
504	3282	302	22	136	['host3']	['host7']	['host13']	['host9']
505	3297	205847283	1149	1067	['host3']	['host7']	['host13']	['host9']
506	3299	13365452138	25378889396	5580282805	['host3', 'host15', 'host4']	['host13', 'host14', 'host12', 'host3', 'host8', 'host0', 'host15', 'host6', 'host7', 'host1', 'host5', 'host4', 'host10', 'host2', 'host9', 'host11']	['host1', 'host0', 'host13', 'host2', 'host4', 'host11', 'host12', 'host9', 'host7', 'host3', 'host14', 'host15', 'host10', 'host5', 'host8', 'host6']	['host1']
507	3309	17651902	11232473	135954	['host3']	['host7']	['host13']	['host9']
508	3314	3482	3890	5517	['host3']	['host7']	['host13']	['host9']
509	3314	404	22	191	['host3']	['host7']	['host13']	['host9']
510	3319	488839353	37219546	514	['host3']	['host7']	['host13']	['host9']
511	3335	19431948	12460782	137643	['host3']	['host7']	['host13']	['host9']
512	3338	305	146	662	['host3']	['host7']	['host13']	['host9']
513	3339	18658182	11985357	133385	['host3']	['host7']	['host13']	['host9']
514	3348	22394409	297	20862299	['host3']	['host7']	['host13']	['host9']
515	3349	41984772	18055844	25906583	['host3']	['host7']	['host13']	['host9']
516	3349	205847283	92270695	1057	['host3']	['host7']	['host13']	['host9']
517	3351	4233153	37	244	['host3']	['host7']	['host13']	['host9']
518	3367	47302770	55618765	260728	['host3']	['host7']	['host13']	['host9']
519	3368	274429960909	25224070543	18561753	['host3', 'host15', 'host4']	['host13', 'host14', 'host12', 'host3', 'host8', 'host0', 'host15', 'host6', 'host7', 'host1', 'host5', 'host4', 'host10', 'host2', 'host9', 'host11']	['host1']	['host13']
520	3371	92570680	1024	606	['host3']	['host7']	['host13']	['host9']
521	3377	302	22	136	['host3']	['host7']	['host13']	['host9']
522	3378	5804143	5054235	119281	['host3']	['host7']	['host13']	['host9']
523	3387	73203029	18055844	46148153	['host3']	['host7']	['host13']	['host9']
524	3396	243651870732	24436027393	18753770	['host3', 'host15', 'host4']	['host13', 'host14', 'host12', 'host3', 'host8', 'host0', 'host15', 'host6', 'host7', 'host1', 'host5', 'host4', 'host10', 'host2', 'host9', 'host11']	['host1']	['host13']
525	3406	404	22	191	['host3']	['host7']	['host13']	['host9']
526	3417	43634614	50508048	23305675	['host3']	['host7']	['host13']	['host9']
527	3418	562055501	1313589733	66251	['host3', 'host15']	['host13', 'host14', 'host12', 'host3']	['host7']	['host2']
528	3420	17825487	11308961	146072	['host3']	['host7']	['host13']	['host9']
529	3422	2447572919	738633	115654	['host3', 'host15', 'host4']	['host13']	['host9']	['host14']
530	3427	478	1245	3649	['host3']	['host7']	['host13']	['host9']
531	3442	53746523	67732182	197881	['host3']	['host7']	['host13']	['host9']
532	3447	5201820	3939733	97733	['host3']	['host7']	['host13']	['host9']
533	3456	59774017161	1511519086	6797088	['host3', 'host15', 'host4']	['host13', 'host14', 'host12', 'host3', 'host8']	['host7']	['host2']
534	3456	302	22	136	['host3']	['host7']	['host13']	['host9']
535	3461	18347337	11782702	134520	['host3']	['host7']	['host13']	['host9']
536	3468	768529864	212235179	39351396	['host3', 'host15']	['host13']	['host9']	['host14']
537	3475	4663521788	3258	1508	['host3', 'host15', 'host4']	['host13']	['host9']	['host14']
538	3478	257	52	285	['host3']	['host7']	['host13']	['host9']
539	3495	404	22	191	['host3']	['host7']	['host13']	['host9']
540	3498	51864549350	1403271964	5566266	['host3', 'host15', 'host4']	['host13', 'host14', 'host12', 'host3', 'host8']	['host7']	['host2']
541	3499	1741827723	526507	154869	['host3', 'host15', 'host4']	['host13']	['host9']	['host14']
542	3511	248618375197	20073780910	17385957	['host3', 'host15', 'host4']	['host13', 'host14', 'host12', 'host3', 'host8', 'host0', 'host15', 'host6', 'host7', 'host1', 'host5', 'host4', 'host10', 'host2', 'host9', 'host11']	['host1']	['host13']
543	3512	5899	4652	2278	['host3']	['host7']	['host13']	['host9']
544	3516	25458887	299	24044321	['host3']	['host7']	['host13']	['host9']
545	3533	3227	35	23	['host3']	['host7']	['host13']	['host9']
546	3533	48732911	55653185	264531	['host3']	['host7']	['host13']	['host9']
547	3537	227683571888	23703568369	18339468	['host3', 'host15', 'host4']	['host13', 'host14', 'host12', 'host3', 'host8', 'host0', 'host15', 'host6', 'host7', 'host1', 'host5', 'host4', 'host10', 'host2', 'host9', 'host11']	['host1']	['host13']
548	3545	302	22	136	['host3']	['host7']	['host13']	['host9']
549	3581	1325	1701	1082	['host3']	['host7']	['host13']	['host9']
550	3581	404	22	191	['host3']	['host7']	['host13']	['host9']
551	3582	4233153	37	244	['host3']	['host7']	['host13']	['host9']
552	3587	22556	3455	91	['host3']	['host7']	['host13']	['host9']
553	3587	5186	35	24	['host3']	['host7']	['host13']	['host9']
554	3590	58771293366	10786563	124143	['host3', 'host15', 'host4']	['host13']	['host9']	['host14']
555	3604	2346415	4113883	1410671	['host3']	['host7']	['host13']	['host9']
556	3605	101016358	49596592	6923106	['host3']	['host7']	['host13']	['host9']
557	3610	1743124666	471591624	1099	['host3', 'host15', 'host4']	['host13']	['host9']	['host14']
558	3613	3128089841	18123510	38186	['host3', 'host15', 'host4']	['host13']	['host9']	['host14']
559	3616	3128089841	63093172	2211253	['host3', 'host15', 'host4']	['host13']	['host9']	['host14']
560	3621	83736576	171962040	7737	['host3']	['host7']	['host13']	['host9']
561	3623	3128089841	229454614	111910939	['host3', 'host15', 'host4']	['host13']	['host9']	['host14']
562	3634	160561	373016	10172	['host3']	['host7']	['host13']	['host9']
563	3635	26173	47604	4226	['host3']	['host7']	['host13']	['host9']
564	3636	18451463305	100098	7435	['host3', 'host15', 'host4']	['host13']	['host9']	['host14']
565	3638	492271	1191046	21064	['host3']	['host7']	['host13']	['host9']
566	3652	15703284	37	30	['host3']	['host7']	['host13']	['host9']
567	3654	87431654	181545959	31812	['host3']	['host7']	['host13']	['host9']
568	3656	4795	422	620	['host3']	['host7']	['host13']	['host9']
569	3670	3128089841	48023943	733445	['host3', 'host15', 'host4']	['host13']	['host9']	['host14']
570	3671	3128089841	272664728	114834937	['host3', 'host15', 'host4']	['host13']	['host9']	['host14']
571	3672	3128089841	31649706	234386	['host3', 'host15', 'host4']	['host13']	['host9']	['host14']
572	3675	634671	988	469	['host3']	['host7']	['host13']	['host9']
573	3675	580	401	1207960420	['host3']	['host7']	['host13', 'host14', 'host12', 'host3']	['host7']
574	3677	1410862	2571049	1617709	['host3']	['host7']	['host13']	['host9']
575	3680	634671	1360614	928	['host3']	['host7']	['host13']	['host9']
576	3689	83909650	172561087	8537	['host3']	['host7']	['host13']	['host9']
577	3704	2678889415	419	248	['host3', 'host15', 'host4']	['host13']	['host9']	['host14']
578	3705	514500420390	163145127	227626	['host3', 'host15', 'host4']	['host13']	['host9']	['host14']
579	3706	3128089841	252596978	113068031	['host3', 'host15', 'host4']	['host13']	['host9']	['host14']
580	3707	3128089841	17427314	38056	['host3', 'host15', 'host4']	['host13']	['host9']	['host14']
581	3709	3128089841	63676577	2410254	['host3', 'host15', 'host4']	['host13']	['host9']	['host14']
582	3710	32320943602	68642211	245	['host3', 'host15', 'host4']	['host13']	['host9']	['host14']
583	3715	3128089841	306351103	118850911	['host3', 'host15', 'host4']	['host13']	['host9']	['host14']
584	3716	84733504	174177094	17320	['host3']	['host7']	['host13']	['host9']
585	3717	1617977	2570887	1550044	['host3']	['host7']	['host13']	['host9']
586	3727	3128089841	228772982	111949118	['host3', 'host15', 'host4']	['host13']	['host9']	['host14']
587	3727	31340935862	10209709263	199744	['host3', 'host15', 'host4']	['host13', 'host14', 'host12', 'host3', 'host8', 'host0', 'host15', 'host6', 'host7', 'host1', 'host5', 'host4', 'host10', 'host2', 'host9', 'host11']	['host1']	['host13']
588	3730	2678889415	1315929719	432261876	['host3', 'host15', 'host4']	['host13', 'host14', 'host12', 'host3']	['host7']	['host2']
589	3735	734957401	2810173271	1257886767	['host3', 'host15']	['host13', 'host14', 'host12', 'host3', 'host8', 'host0', 'host15', 'host6', 'host7', 'host1']	['host14', 'host11', 'host15', 'host4']	['host1']
590	3735	1660026	4071203	27551	['host3']	['host7']	['host13']	['host9']
591	3738	19071	29522	25456	['host3']	['host7']	['host13']	['host9']
592	3738	21070	35260	31795	['host3']	['host7']	['host13']	['host9']
593	3754	580	404	1140851556	['host3']	['host7']	['host13', 'host14', 'host12', 'host3']	['host7']
594	3754	85937253	176953794	30799	['host3']	['host7']	['host13']	['host9']
595	3772	28599	56448	4661	['host3']	['host7']	['host13']	['host9']
596	3777	549803944	1004640438	1054239	['host3', 'host15']	['host13', 'host14', 'host12']	['host11']	['host7']
597	3779	175036	426161	10980	['host3']	['host7']	['host13']	['host9']
598	3780	551017	1382646	23304	['host3']	['host7']	['host13']	['host9']
599	3785	85916361	176614600	28742	['host3']	['host7']	['host13']	['host9']
600	3792	43827842064	37211451765	19822313688	['host3', 'host15', 'host4']	['host13', 'host14', 'host12', 'host3', 'host8', 'host0', 'host15', 'host6', 'host7', 'host1', 'host5', 'host4', 'host10', 'host2', 'host9', 'host11']	['host1', 'host0', 'host13', 'host2', 'host4', 'host11', 'host12', 'host9', 'host7', 'host3', 'host14', 'host15', 'host10', 'host5', 'host8', 'host6']	['host1']
601	3795	4233153	37	244	['host3']	['host7']	['host13']	['host9']
602	3801	3128089841	270797050	114762475	['host3', 'host15', 'host4']	['host13']	['host9']	['host14']
603	3802	28974	53675	4345	['host3']	['host7']	['host13']	['host9']
604	3803	960206	919817	275085	['host3']	['host7']	['host13']	['host9']
605	3804	3128089841	45583378	672490	['host3', 'host15', 'host4']	['host13']	['host9']	['host14']
606	3817	73807126732	11219864070	43229	['host3', 'host15', 'host4']	['host13', 'host14', 'host12', 'host3', 'host8', 'host0', 'host15', 'host6', 'host7', 'host1', 'host5', 'host4', 'host10', 'host2', 'host9', 'host11']	['host1']	['host13']
607	3818	3128089841	29086476	224027	['host3', 'host15', 'host4']	['host13']	['host9']	['host14']
608	3819	84674916	174471974	16858	['host3']	['host7']	['host13']	['host9']
609	3823	1806314	4456476	29211	['host3']	['host7']	['host13']	['host9']
610	3824	17971183428	178189510	47181	['host3', 'host15', 'host4']	['host13']	['host9']	['host14']
611	3824	2959	3244	1625	['host3']	['host7']	['host13']	['host9']
612	3827	580	404	1140851556	['host3']	['host7']	['host13', 'host14', 'host12', 'host3']	['host7']
613	3831	707408	1367601	429737	['host3']	['host7']	['host13']	['host9']
614	3833	162126569	884808	143126	['host3']	['host7']	['host13']	['host9']
615	3834	14553745	393643	172791	['host3']	['host7']	['host13']	['host9']
616	3835	3128089841	247238044	113106605	['host3', 'host15', 'host4']	['host13']	['host9']	['host14']
617	3837	83749957	172012554	8500	['host3']	['host7']	['host13']	['host9']
618	3839	88773294	183808863	32771	['host3']	['host7']	['host13']	['host9']
619	3843	73910339238	15179367633	3279964323	['host3', 'host15', 'host4']	['host13', 'host14', 'host12', 'host3', 'host8', 'host0', 'host15', 'host6', 'host7', 'host1', 'host5', 'host4', 'host10', 'host2', 'host9', 'host11']	['host1', 'host0', 'host13', 'host2', 'host4', 'host11', 'host12', 'host9', 'host7', 'host3', 'host14', 'host15']	['host5']
620	3846	10340565655	33578	4554	['host3', 'host15', 'host4']	['host13']	['host9']	['host14']
621	3847	4565065	12703142	713	['host3']	['host7']	['host13']	['host9']
622	3868	3128089841	62024970	2248304	['host3', 'host15', 'host4']	['host13']	['host9']	['host14']
623	3872	10272	176	361	['host3']	['host7']	['host13']	['host9']
624	3885	23301771621	347264795	6956	['host3', 'host15', 'host4']	['host13']	['host9']	['host14']
625	3886	6887326	6576624	432795	['host3']	['host7']	['host13']	['host9']
626	3887	3128089841	18980979	42408	['host3', 'host15', 'host4']	['host13']	['host9']	['host14']
627	3888	3128089841	304298180	118675207	['host3', 'host15', 'host4']	['host13']	['host9']	['host14']
628	3888	3356293698	3460662373	1501093	['host3', 'host15', 'host4']	['host13', 'host14', 'host12', 'host3', 'host8', 'host0', 'host15', 'host6', 'host7', 'host1', 'host5', 'host4']	['host7']	['host1']
629	3889	804489227	1557165607	241107350	['host3', 'host15']	['host13', 'host14', 'host12', 'host3', 'host8']	['host7']	['host2']
630	3889	48573720	78747549	8537032	['host3']	['host7']	['host13']	['host9']
631	3890	32320943602	7821	247	['host3', 'host15', 'host4']	['host13']	['host9']	['host14']
632	3890	1679441458	402474978	84756562	['host3', 'host15', 'host4']	['host13']	['host9']	['host14']
633	3894	3128089841	47124437	748409	['host3', 'host15', 'host4']	['host13']	['host9']	['host14']
634	3895	3128089841	231464216	112109424	['host3', 'host15', 'host4']	['host13']	['host9']	['host14']
635	3895	85808475492	123109210	1425274	['host3', 'host15', 'host4']	['host13']	['host9']	['host14']
636	3898	78355250388	137027233	1423590	['host3', 'host15', 'host4']	['host13']	['host9']	['host14']
637	3899	73476471165	118306437	1421916	['host3', 'host15', 'host4']	['host13']	['host9']	['host14']
638	3903	78481405566	111219420	1424449	['host3', 'host15', 'host4']	['host13']	['host9']	['host14']
639	3903	64306595974	99983150	1422019	['host3', 'host15', 'host4']	['host13']	['host9']	['host14']
640	3904	78426386362	116122840	1423735	['host3', 'host15', 'host4']	['host13']	['host9']	['host14']
641	3904	580	383	1073742692	['host3']	['host7']	['host13', 'host14', 'host12', 'host3']	['host7']
642	3909	1236504	1276958	797137	['host3']	['host7']	['host13']	['host9']
643	3916	503253	1242378	21445	['host3']	['host7']	['host13']	['host9']
644	3916	88822674	183533571	31030	['host3']	['host7']	['host13']	['host9']
645	3917	981	626	325	['host3']	['host7']	['host13']	['host9']
646	3920	3128089841	31121814	243004	['host3', 'host15', 'host4']	['host13']	['host9']	['host14']
647	3921	3128089841	280153502	115076923	['host3', 'host15', 'host4']	['host13']	['host9']	['host14']
648	3923	6624040780	37537403103	7734159555	['host3', 'host15', 'host4']	['host13', 'host14', 'host12', 'host3', 'host8', 'host0', 'host15', 'host6', 'host7', 'host1', 'host5', 'host4', 'host10', 'host2', 'host9', 'host11']	['host1', 'host0', 'host13', 'host2', 'host4', 'host11', 'host12', 'host9', 'host7', 'host3', 'host14', 'host15', 'host10', 'host5', 'host8', 'host6']	['host1']
649	3923	166930	394361	10350	['host3']	['host7']	['host13']	['host9']
650	3928	134950148021	96246894424	1957486608	['host3', 'host15', 'host4']	['host13', 'host14', 'host12', 'host3', 'host8', 'host0', 'host15', 'host6', 'host7', 'host1', 'host5', 'host4', 'host10', 'host2', 'host9', 'host11']	['host1', 'host0', 'host13', 'host2', 'host4', 'host11', 'host12']	['host3']
651	3930	134950148021	81323632660	1045217352	['host3', 'host15', 'host4']	['host13', 'host14', 'host12', 'host3', 'host8', 'host0', 'host15', 'host6', 'host7', 'host1', 'host5', 'host4', 'host10', 'host2', 'host9', 'host11']	['host1', 'host0', 'host13']	['host13']
652	3940	2619	243	316	['host3']	['host7']	['host13']	['host9']
653	3942	1369999	3370264	1732156	['host3']	['host7']	['host13']	['host9']
654	3955	13664140763	11667388417	7154797	['host3', 'host15', 'host4']	['host13', 'host14', 'host12', 'host3', 'host8', 'host0', 'host15', 'host6', 'host7', 'host1', 'host5', 'host4', 'host10', 'host2', 'host9', 'host11']	['host1']	['host13']
655	3958	83536091926	150195896	1423954	['host3', 'host15', 'host4']	['host13']	['host9']	['host14']
656	3961	825	143	349	['host3']	['host7']	['host13']	['host9']
657	3970	135084365749	80501936774	1080555185	['host3', 'host15', 'host4']	['host13', 'host14', 'host12', 'host3', 'host8', 'host0', 'host15', 'host6', 'host7', 'host1', 'host5', 'host4', 'host10', 'host2', 'host9', 'host11']	['host1', 'host0', 'host13', 'host2']	['host13']
658	3970	46761	10111	48789	['host3']	['host7']	['host13']	['host9']
659	3970	135084365749	60028685626	519482317	['host3', 'host15', 'host4']	['host13', 'host14', 'host12', 'host3', 'host8', 'host0', 'host15', 'host6', 'host7', 'host1', 'host5', 'host4', 'host10', 'host2', 'host9', 'host11']	['host1']	['host13']
660	3971	135084365749	99632507670	1644859664	['host3', 'host15', 'host4']	['host13', 'host14', 'host12', 'host3', 'host8', 'host0', 'host15', 'host6', 'host7', 'host1', 'host5', 'host4', 'host10', 'host2', 'host9', 'host11']	['host1', 'host0', 'host13', 'host2', 'host4', 'host11']	['host3']
661	3973	198820	196336	148593	['host3']	['host7']	['host13']	['host9']
662	3974	13368795350	1698366	880899	['host3', 'host15', 'host4']	['host13']	['host9']	['host14']
663	3979	83924813	172809775	9292	['host3']	['host7']	['host13']	['host9']
664	3989	1685896	4182795	28077	['host3']	['host7']	['host13']	['host9']
665	3989	86134646	177209240	30607	['host3']	['host7']	['host13']	['host9']
666	3990	582	404	1140851558	['host3']	['host7']	['host13', 'host14', 'host12', 'host3']	['host7']
667	3992	358627	37	253	['host3']	['host7']	['host13']	['host9']
668	3993	31366	63964	4795	['host3']	['host7']	['host13']	['host9']
669	3993	763335637348	2845075513	414071	['host3', 'host15', 'host4']	['host13', 'host14', 'host12', 'host3', 'host8', 'host0', 'host15', 'host6', 'host7', 'host1']	['host14']	['host13']
670	3999	5914517	3432234	4888944	['host3']	['host7']	['host13']	['host9']
671	4000	97315991198	4391008885	38508814	['host3', 'host15', 'host4']	['host13', 'host14', 'host12', 'host3', 'host8', 'host0', 'host15', 'host6', 'host7', 'host1', 'host5', 'host4', 'host10', 'host2', 'host9', 'host11']	['host1']	['host13']
672	4001	560880	1451549	23704	['host3']	['host7']	['host13']	['host9']
673	4007	3128089841	254492442	113292455	['host3', 'host15', 'host4']	['host13']	['host9']	['host14']
674	4011	3128089841	307386493	119436576	['host3', 'host15', 'host4']	['host13']	['host9']	['host14']
675	4012	89146118	184570575	32123	['host3']	['host7']	['host13']	['host9']
676	4015	3128089841	65345710	2440259	['host3', 'host15', 'host4']	['host13']	['host9']	['host14']
677	4015	8537300	11908521	7020002	['host3']	['host7']	['host13']	['host9']
678	4020	84797154	174554188	18130	['host3']	['host7']	['host13']	['host9']
679	4029	32320943602	7821	246	['host3', 'host15', 'host4']	['host13']	['host9']	['host14']
680	4031	182864	446590	11192	['host3']	['host7']	['host13']	['host9']
681	4036	4233153	33	244	['host3']	['host7']	['host13']	['host9']
682	4044	3128089841	1482	700	['host3', 'host15', 'host4']	['host13']	['host9']	['host14']
683	4047	3128089841	173143683	92629339	['host3', 'host15', 'host4']	['host13']	['host9']	['host14']
684	4050	11812509	21520115	8435165	['host3']	['host7']	['host13']	['host9']
685	4064	3128089841	35908	3274	['host3', 'host15', 'host4']	['host13']	['host9']	['host14']
686	4067	3128089841	17771	2319	['host3', 'host15', 'host4']	['host13']	['host9']	['host14']
687	4068	582	405	1073742694	['host3']	['host7']	['host13', 'host14', 'host12', 'host3']	['host7']
688	4075	3128089841	174892442	95937032	['host3', 'host15', 'host4']	['host13']	['host9']	['host14']
689	4076	3128089841	169757803	95516446	['host3', 'host15', 'host4']	['host13']	['host9']	['host14']
690	4077	92333842628	24333048127	2466550061	['host3', 'host15', 'host4']	['host13', 'host14', 'host12', 'host3', 'host8', 'host0', 'host15', 'host6', 'host7', 'host1', 'host5', 'host4', 'host10', 'host2', 'host9', 'host11']	['host1', 'host0', 'host13', 'host2', 'host4', 'host11', 'host12', 'host9', 'host7']	['host8']
691	4086	161028	15439	824	['host3']	['host7']	['host13']	['host9']
692	4088	3128089841	276940	21143	['host3', 'host15', 'host4']	['host13']	['host9']	['host14']
693	4089	784797223	155	22	['host3', 'host15']	['host13']	['host9']	['host14']
694	4093	195716	255165	265	['host3']	['host7']	['host13']	['host9']
695	4097	42264	187	267	['host3']	['host7']	['host13']	['host9']
696	4100	3128089841	171581195	96784608	['host3', 'host15', 'host4']	['host13']	['host9']	['host14']
697	4103	3380632194	3004	919	['host3', 'host15', 'host4']	['host13']	['host9']	['host14']
698	4109	38786	1111	50	['host3']	['host7']	['host13']	['host9']
699	4116	38786	30123	45	['host3']	['host7']	['host13']	['host9']
700	4120	39362	309	62	['host3']	['host7']	['host13']	['host9']
701	4120	136	87	63	['host3']	['host7']	['host13']	['host9']
702	4121	400444	4109	781	['host3']	['host7']	['host13']	['host9']
703	4123	42935	4563	323	['host3']	['host7']	['host13']	['host9']
704	4124	86077847	177218657	29286	['host3']	['host7']	['host13']	['host9']
705	4125	10454372925	5687584821	2063054274	['host3', 'host15', 'host4']	['host13', 'host14', 'host12', 'host3', 'host8', 'host0', 'host15', 'host6', 'host7', 'host1', 'host5', 'host4', 'host10', 'host2', 'host9', 'host11']	['host1', 'host0', 'host13', 'host2', 'host4', 'host11', 'host12']	['host3']
706	4128	41688	1369	598	['host3']	['host7']	['host13']	['host9']
707	4130	39362	156	53	['host3']	['host7']	['host13']	['host9']
708	4130	5944258487	16070277598	3881070691	['host3', 'host15', 'host4']	['host13', 'host14', 'host12', 'host3', 'host8', 'host0', 'host15', 'host6', 'host7', 'host1', 'host5', 'host4', 'host10', 'host2', 'host9', 'host11']	['host1', 'host0', 'host13', 'host2', 'host4', 'host11', 'host12', 'host9', 'host7', 'host3', 'host14', 'host15', 'host10', 'host5']	['host12']
709	4131	7027542	18	192	['host3']	['host7']	['host13']	['host9']
710	4132	400444	4105	422	['host3']	['host7']	['host13']	['host9']
711	4138	3128089841	165414500	95338535	['host3', 'host15', 'host4']	['host13']	['host9']	['host14']
712	4139	401020	2355	268	['host3']	['host7']	['host13']	['host9']
713	4163	580	405	1073742692	['host3']	['host7']	['host13', 'host14', 'host12', 'host3']	['host7']
714	4165	2505	3934	1447	['host3']	['host7']	['host13']	['host9']
715	4167	1049	961	262	['host3']	['host7']	['host13']	['host9']
716	4168	3128089841	109749	8076	['host3', 'host15', 'host4']	['host13']	['host9']	['host14']
717	4169	535	64	62	['host3']	['host7']	['host13']	['host9']
718	4170	1762	1597	653	['host3']	['host7']	['host13']	['host9']
719	4171	1833182	4667156	29809	['host3']	['host7']	['host13']	['host9']
720	4178	866	447	56	['host3']	['host7']	['host13']	['host9']
721	4181	1325116	2477602	245207	['host3']	['host7']	['host13']	['host9']
722	4182	1007391	2124623	1168813	['host3']	['host7']	['host13']	['host9']
723	4187	226887515	38	246	['host3']	['host7']	['host13']	['host9']
724	4193	3128089841	169155313	96236248	['host3', 'host15', 'host4']	['host13']	['host9']	['host14']
725	4213	26274024833	47676348686	833813395	['host3', 'host15', 'host4']	['host13', 'host14', 'host12', 'host3', 'host8', 'host0', 'host15', 'host6', 'host7', 'host1', 'host5', 'host4', 'host10', 'host2', 'host9', 'host11']	['host1', 'host0', 'host13']	['host13']
726	4225	69446444	147371951	280895	['host3']	['host7']	['host13']	['host9']
727	4226	1426889629	400834	57809	['host3', 'host15', 'host4']	['host13']	['host9']	['host14']
728	4230	84832898	174523926	17202	['host3']	['host7']	['host13']	['host9']
729	4238	690	270	265	['host3']	['host7']	['host13']	['host9']
730	4252	3128089841	170886596	95742372	['host3', 'host15', 'host4']	['host13']	['host9']	['host14']
731	4252	1029788556	268042459	169294296	['host3', 'host15', 'host4']	['host13']	['host9']	['host14']
732	4255	102334267592	631959116	64384	['host3', 'host15', 'host4']	['host13', 'host14']	['host14']	['host11']
733	4256	3229115151	79489874	3796	['host3', 'host15', 'host4']	['host13']	['host9']	['host14']
734	4256	15396801151	374301	16563	['host3', 'host15', 'host4']	['host13']	['host9']	['host14']
735	4257	3027951	1269	1136	['host3']	['host7']	['host13']	['host9']
736	4259	2417138258240	58274571933	34808151063	['host3', 'host15', 'host4']	['host13', 'host14', 'host12', 'host3', 'host8', 'host0', 'host15', 'host6', 'host7', 'host1', 'host5', 'host4', 'host10', 'host2', 'host9', 'host11']	['host1', 'host0', 'host13', 'host2', 'host4', 'host11', 'host12', 'host9', 'host7', 'host3', 'host14', 'host15', 'host10', 'host5', 'host8', 'host6']	['host1']
737	4261	2416285475335	27290193913	28468988827	['host3', 'host15', 'host4']	['host13', 'host14', 'host12', 'host3', 'host8', 'host0', 'host15', 'host6', 'host7', 'host1', 'host5', 'host4', 'host10', 'host2', 'host9', 'host11']	['host1', 'host0', 'host13', 'host2', 'host4', 'host11', 'host12', 'host9', 'host7', 'host3', 'host14', 'host15', 'host10', 'host5', 'host8', 'host6']	['host1']
738	4265	536	47	263	['host3']	['host7']	['host13']	['host9']
739	4268	3128089841	36120	3668	['host3', 'host15', 'host4']	['host13']	['host9']	['host14']
740	4270	3361349986	1083069	163789	['host3', 'host15', 'host4']	['host13']	['host9']	['host14']
741	4271	530	48	50	['host3']	['host7']	['host13']	['host9']
742	4272	89030859	184574860	31599	['host3']	['host7']	['host13']	['host9']
743	4274	580	403	1073742692	['host3']	['host7']	['host13', 'host14', 'host12', 'host3']	['host7']
744	4274	71603511	151811083	258069	['host3']	['host7']	['host13']	['host9']
745	4278	15743	37770	14715	['host3']	['host7']	['host13']	['host9']
746	4278	32320943602	7821	246	['host3', 'host15', 'host4']	['host13']	['host9']	['host14']
747	4278	481403644	1084885861	850716323	['host3']	['host7', 'host4', 'host11', 'host14']	['host14', 'host3', 'host8']	['host7']
748	4283	1007391	2060264	1137564	['host3']	['host7']	['host13']	['host9']
749	4283	83936315	172518146	8748	['host3']	['host7']	['host13']	['host9']
750	4284	4233153	33	244	['host3']	['host7']	['host13']	['host9']
751	4290	71960336	152309929	157800	['host3']	['host7']	['host13']	['host9']
752	4294	1158025	1553726	4070451	['host3']	['host7']	['host13']	['host9']
753	4302	3128089841	664670	55270	['host3', 'host15', 'host4']	['host13']	['host9']	['host14']
754	4305	245006638	155570861	11871026	['host3']	['host7']	['host13']	['host9']
755	4306	533	48	50	['host3']	['host7']	['host13']	['host9']
756	4324	86317776	178569673	31149	['host3']	['host7']	['host13']	['host9']
757	4325	6155	13827	5238	['host3']	['host7']	['host13']	['host9']
758	4325	3128089841	182241443	97566736	['host3', 'host15', 'host4']	['host13']	['host9']	['host14']
759	4333	72589127	154342640	70410	['host3']	['host7']	['host13']	['host9']
760	4333	531	48	57	['host3']	['host7']	['host13']	['host9']
761	4340	71501204	151518161	279643	['host3']	['host7']	['host13']	['host9']
762	4346	84049346	173175666	9508	['host3']	['host7']	['host13']	['host9']
763	4355	238698019	516081105	267603990	['host3']	['host7']	['host13']	['host9']
764	4356	3128089841	7541	1575	['host3', 'host15', 'host4']	['host13']	['host9']	['host14']
765	4363	321461	201601	263	['host3']	['host7']	['host13']	['host9']
766	4363	4182788	45	264	['host3']	['host7']	['host13']	['host9']
767	4373	3128089841	164710098	94075010	['host3', 'host15', 'host4']	['host13']	['host9']	['host14']
768	4378	59783	33	251	['host3']	['host7']	['host13']	['host9']
769	4382	17963741	83930	8391971	['host3']	['host7']	['host13']	['host9']
770	4383	3581940	472506	8631	['host3']	['host7']	['host13']	['host9']
771	4395	3128089841	114903	9259	['host3', 'host15', 'host4']	['host13']	['host9']	['host14']
772	4397	487	211	128	['host3']	['host7']	['host13']	['host9']
773	4408	72157951	153818109	96362	['host3']	['host7']	['host13']	['host9']
774	4409	3128089841	169455438	96991863	['host3', 'host15', 'host4']	['host13']	['host9']	['host14']
775	4412	910780	1352107	24451	['host3']	['host7']	['host13']	['host9']
776	4416	580	380	1006633828	['host3']	['host7']	['host13', 'host14', 'host12']	['host11']
777	4421	84980009	174890432	18541	['host3']	['host7']	['host13']	['host9']
778	4426	401020	2351	774	['host3']	['host7']	['host13']	['host9']
779	4426	3128089841	175213851	96555301	['host3', 'host15', 'host4']	['host13']	['host9']	['host14']
780	4428	1916087422	130463641	2611	['host3', 'host15', 'host4']	['host13']	['host9']	['host14']
781	4429	2878	3737	1362	['host3']	['host7']	['host13']	['host9']
782	4432	3128089841	45718	4762	['host3', 'host15', 'host4']	['host13']	['host9']	['host14']
783	4436	1063	91	256	['host3']	['host7']	['host13']	['host9']
784	4440	71830496	152912606	238218	['host3']	['host7']	['host13']	['host9']
785	4442	6680	6001	2823	['host3']	['host7']	['host13']	['host9']
786	4451	191624560	32337430	1091	['host3']	['host7']	['host13']	['host9']
787	4452	2066154975	3816	388	['host3', 'host15', 'host4']	['host13']	['host9']	['host14']
788	4452	10895455	1563953	666	['host3']	['host7']	['host13']	['host9']
789	4453	1588590042	69531490	2592	['host3', 'host15', 'host4']	['host13']	['host9']	['host14']
790	4456	107979209	19394064	1077	['host3']	['host7']	['host13']	['host9']
791	4456	1588590042	52581130	2541	['host3', 'host15', 'host4']	['host13']	['host9']	['host14']
792	4459	16861438196	6021597151	4137979461	['host3', 'host15', 'host4']	['host13', 'host14', 'host12', 'host3', 'host8', 'host0', 'host15', 'host6', 'host7', 'host1', 'host5', 'host4', 'host10', 'host2', 'host9', 'host11']	['host1', 'host0', 'host13', 'host2', 'host4', 'host11', 'host12', 'host9', 'host7', 'host3', 'host14', 'host15', 'host10', 'host5', 'host8']	['host10']
793	4463	3128089841	678241	58767	['host3', 'host15', 'host4']	['host13']	['host9']	['host14']
794	4464	875700689	43868553	651	['host3', 'host15', 'host4']	['host13']	['host9']	['host14']
795	4467	875700689	138231268	639	['host3', 'host15', 'host4']	['host13']	['host9']	['host14']
796	4467	41627	105410	41573	['host3']	['host7']	['host13']	['host9']
797	4467	97595167	68	269	['host3']	['host7']	['host13']	['host9']
798	4468	97595167	775584	274	['host3']	['host7']	['host13']	['host9']
799	4493	46743359	12114214	36632453	['host3']	['host7']	['host13']	['host9']
800	4493	32320943602	7854	245	['host3', 'host15', 'host4']	['host13']	['host9']	['host14']
801	4515	3128089841	174207458	98189444	['host3', 'host15', 'host4']	['host13']	['host9']	['host14']
802	4516	3128089841	167119924	96372280	['host3', 'host15', 'host4']	['host13']	['host9']	['host14']
803	4517	3128089841	12745	2012	['host3', 'host15', 'host4']	['host13']	['host9']	['host14']
804	4520	3128089841	251180	20566	['host3', 'host15', 'host4']	['host13']	['host9']	['host14']
805	4523	12236184528	6914474037	3511385797	['host3', 'host15', 'host4']	['host13', 'host14', 'host12', 'host3', 'host8', 'host0', 'host15', 'host6', 'host7', 'host1', 'host5', 'host4', 'host10', 'host2', 'host9', 'host11']	['host1', 'host0', 'host13', 'host2', 'host4', 'host11', 'host12', 'host9', 'host7', 'host3', 'host14', 'host15', 'host10']	['host13']
806	4524	1042	947	260	['host3']	['host7']	['host13']	['host9']
807	4525	3128089841	171251383	97573341	['host3', 'host15', 'host4']	['host13']	['host9']	['host14']
808	4526	3128089841	168851172	97035884	['host3', 'host15', 'host4']	['host13']	['host9']	['host14']
809	4528	3128089841	79213	7620	['host3', 'host15', 'host4']	['host13']	['host9']	['host14']
810	4538	4233153	37	244	['host3']	['host7']	['host13']	['host9']
811	4551	89548882	185996588	32660	['host3']	['host7']	['host13']	['host9']
812	4555	9098683	13702029	118608	['host3']	['host7']	['host13']	['host9']
813	4566	10122487509	27263124038	7023270387	['host3', 'host15', 'host4']	['host13', 'host14', 'host12', 'host3', 'host8', 'host0', 'host15', 'host6', 'host7', 'host1', 'host5', 'host4', 'host10', 'host2', 'host9', 'host11']	['host1', 'host0', 'host13', 'host2', 'host4', 'host11', 'host12', 'host9', 'host7', 'host3', 'host14', 'host15', 'host10', 'host5', 'host8', 'host6']	['host1']
814	4566	580	404	939524963	['host3']	['host7']	['host13', 'host14', 'host12']	['host11']
815	4567	3128089841	1279683	122370	['host3', 'host15', 'host4']	['host13']	['host9']	['host14']
816	4571	3909093405	4242872001	220497751	['host3', 'host15', 'host4']	['host13', 'host14', 'host12', 'host3', 'host8', 'host0', 'host15', 'host6', 'host7', 'host1', 'host5', 'host4', 'host10', 'host2', 'host9']	['host10']	['host1']
817	4571	7020	15038	5815	['host3']	['host7']	['host13']	['host9']
818	4573	549181277	1010534829	936885063	['host3', 'host15']	['host13', 'host14', 'host12']	['host11', 'host8', 'host0']	['host7']
819	4573	627200935	5900	3554	['host3', 'host15']	['host13']	['host9']	['host14']
820	4574	73157821	155413531	71171	['host3']	['host7']	['host13']	['host9']
821	4576	70532036	149902525	281585	['host3']	['host7']	['host13']	['host9']
822	4576	1175	644	250	['host3']	['host7']	['host13']	['host9']
823	4581	3128089841	178237555	99115410	['host3', 'host15', 'host4']	['host13']	['host9']	['host14']
824	4582	528	44	56	['host3']	['host7']	['host13']	['host9']
825	4598	3128089841	4565	1269	['host3', 'host15', 'host4']	['host13']	['host9']	['host14']
826	4606	3128089841	164716314	94067713	['host3', 'host15', 'host4']	['host13']	['host9']	['host14']
827	4610	72415498	154494502	249710	['host3']	['host7']	['host13']	['host9']
828	4613	72750091	154698871	131729	['host3']	['host7']	['host13']	['host9']
829	4620	44126	106217	43595	['host3']	['host7']	['host13']	['host9']
830	4621	1443974	1626497	114426	['host3']	['host7']	['host13']	['host9']
831	4633	143394	151957	262	['host3']	['host7']	['host13']	['host9']
832	4650	5013913137	19960076991	8702813891	['host3', 'host15', 'host4']	['host13', 'host14', 'host12', 'host3', 'host8', 'host0', 'host15', 'host6', 'host7', 'host1', 'host5', 'host4', 'host10', 'host2', 'host9', 'host11']	['host1', 'host0', 'host13', 'host2', 'host4', 'host11', 'host12', 'host9', 'host7', 'host3', 'host14', 'host15', 'host10', 'host5', 'host8', 'host6']	['host1']
833	4651	22111348618	834072026	68184	['host3', 'host15', 'host4']	['host13', 'host14', 'host12']	['host11']	['host7']
834	4652	582	383	1006633830	['host3']	['host7']	['host13', 'host14', 'host12']	['host11']
835	4655	1465	1258	478	['host3']	['host7']	['host13']	['host9']
836	4656	68937728	126804928	36205045	['host3']	['host7']	['host13']	['host9']
837	4661	3128089841	180982	13643	['host3', 'host15', 'host4']	['host13']	['host9']	['host14']
838	4663	15442	36792	14838	['host3']	['host7']	['host13']	['host9']
839	4666	3128089841	169716991	97024208	['host3', 'host15', 'host4']	['host13']	['host9']	['host14']
840	4666	185154785	145898786	5124818	['host3']	['host7']	['host13']	['host9']
841	4669	183832531	158042469	16800898	['host3']	['host7']	['host13']	['host9']
842	4671	32320943602	7854	245	['host3', 'host15', 'host4']	['host13']	['host9']	['host14']
843	4674	324013582	35	248	['host3']	['host7']	['host13']	['host9']
844	4677	6879629	6571242	432057	['host3']	['host7']	['host13']	['host9']
845	4682	1412758393	306	69	['host3', 'host15', 'host4']	['host13']	['host9']	['host14']
846	4683	5912	10482	3638	['host3']	['host7']	['host13']	['host9']
847	4697	1412758393	340	69	['host3', 'host15', 'host4']	['host13']	['host9']	['host14']
848	4697	3128089841	60116	5962	['host3', 'host15', 'host4']	['host13']	['host9']	['host14']
849	4699	682960126	379711685	4162579	['host3', 'host15']	['host13']	['host9']	['host14']
850	4705	114694	146414	104151	['host3']	['host7']	['host13']	['host9']
851	4711	73642884	156205476	71639	['host3']	['host7']	['host13']	['host9']
852	4716	3128089841	182670874	98308393	['host3', 'host15', 'host4']	['host13']	['host9']	['host14']
853	4716	3128089841	167919557	96562329	['host3', 'host15', 'host4']	['host13']	['host9']	['host14']
854	4718	92650	232187	61914	['host3']	['host7']	['host13']	['host9']
855	4718	37589155205	50632111	2953976	['host3', 'host15', 'host4']	['host13']	['host9']	['host14']
856	4719	3128089841	1038120	91982	['host3', 'host15', 'host4']	['host13']	['host9']	['host14']
857	4720	954	304	151	['host3']	['host7']	['host13']	['host9']
858	4724	72765228	154534249	227514	['host3']	['host7']	['host13']	['host9']
859	4727	3986757421	3658893820	1525109929	['host3', 'host15', 'host4']	['host13', 'host14', 'host12', 'host3', 'host8', 'host0', 'host15', 'host6', 'host7', 'host1', 'host5', 'host4', 'host10']	['host1', 'host2', 'host5', 'host7', 'host13']	['host10']
860	4727	742087	637238	202932	['host3']	['host7']	['host13']	['host9']
861	4731	14853471	402034	176832	['host3']	['host7']	['host13']	['host9']
862	4735	84536	26455	11212	['host3']	['host7']	['host13']	['host9']
863	4736	3128089841	170806852	96363140	['host3', 'host15', 'host4']	['host13']	['host9']	['host14']
864	4736	73196941	155318338	86241	['host3']	['host7']	['host13']	['host9']
865	4737	3128089841	171530979	97617514	['host3', 'host15', 'host4']	['host13']	['host9']	['host14']
866	4737	3128089841	10959	1769	['host3', 'host15', 'host4']	['host13']	['host9']	['host14']
867	4738	3128089841	354809	29131	['host3', 'host15', 'host4']	['host13']	['host9']	['host14']
868	4744	3128089841	109243	9783	['host3', 'host15', 'host4']	['host13']	['host9']	['host14']
869	4750	268773539	1035117219	821509422	['host3']	['host7', 'host4', 'host11']	['host9', 'host14', 'host3']	['host7']
870	4755	238698019	474273268	242246057	['host3']	['host7']	['host13']	['host9']
871	4756	13647405764	11679396389	7147773	['host3', 'host15', 'host4']	['host13', 'host14', 'host12', 'host3', 'host8', 'host0', 'host15', 'host6', 'host7', 'host1', 'host5', 'host4', 'host10', 'host2', 'host9', 'host11']	['host1']	['host13']
872	4760	113318	11632	259	['host3']	['host7']	['host13']	['host9']
873	4766	4233153	37	244	['host3']	['host7']	['host13']	['host9']
874	4771	3576	5385	1971	['host3']	['host7']	['host13']	['host9']
875	4773	15544759612	311012841	227442589	['host3', 'host15', 'host4']	['host13']	['host9']	['host14']
876	4777	74350362	157810512	71982	['host3']	['host7']	['host13']	['host9']
877	4780	784797223	155	22	['host3', 'host15']	['host13']	['host9']	['host14']
878	4790	1156986	1363486	23776	['host3']	['host7']	['host13']	['host9']
879	4792	3128089841	168945596	97048928	['host3', 'host15', 'host4']	['host13']	['host9']	['host14']
880	4796	70544654	149828931	279186	['host3']	['host7']	['host13']	['host9']
881	4799	3128089841	1774614	175372	['host3', 'host15', 'host4']	['host13']	['host9']	['host14']
882	4806	44257031249	33819367	2202234	['host3', 'host15', 'host4']	['host13']	['host9']	['host14']
883	4806	582	405	1275069286	['host3']	['host7']	['host13', 'host14', 'host12', 'host3']	['host7']
884	4814	527	42	377	['host3']	['host7']	['host13']	['host9']
885	4819	3128089841	179181290	99234460	['host3', 'host15', 'host4']	['host13']	['host9']	['host14']
886	4829	9964	23913	9051	['host3']	['host7']	['host13']	['host9']
887	4830	68341	170005	58500	['host3']	['host7']	['host13']	['host9']
888	4831	9908968	37	244	['host3']	['host7']	['host13']	['host9']
889	4842	784962024	1094266510	381	['host3', 'host15']	['host13', 'host14', 'host12', 'host3']	['host7']	['host2']
890	4842	32320943602	8092	247	['host3', 'host15', 'host4']	['host13']	['host9']	['host14']
891	4843	3128089841	10424	1846	['host3', 'host15', 'host4']	['host13']	['host9']	['host14']
892	4843	3128089841	168963653	94072930	['host3', 'host15', 'host4']	['host13']	['host9']	['host14']
893	4845	21460	53178	21953	['host3']	['host7']	['host13']	['host9']
894	4845	72773002	154740874	103773	['host3']	['host7']	['host13']	['host9']
895	4849	7435	14462	4951	['host3']	['host7']	['host13']	['host9']
896	4853	3603958	5521037	3381477	['host3']	['host7']	['host13']	['host9']
897	4858	3128089841	191657	15647	['host3', 'host15', 'host4']	['host13']	['host9']	['host14']
898	4862	4437	7473	2620	['host3']	['host7']	['host13']	['host9']
899	4862	72281434	153966127	278362	['host3']	['host7']	['host13']	['host9']
900	4862	1335	968	372	['host3']	['host7']	['host13']	['host9']
901	4866	1286678	1732111	92579	['host3']	['host7']	['host13']	['host9']
902	4866	73736859	156470283	71584	['host3']	['host7']	['host13']	['host9']
903	4869	2090811	3144975	1192767	['host3']	['host7']	['host13']	['host9']
904	4885	580	402	1207960420	['host3']	['host7']	['host13', 'host14', 'host12', 'host3']	['host7']
905	4885	3128089841	170446790	97340412	['host3', 'host15', 'host4']	['host13']	['host9']	['host14']
906	4886	445391975	576632965	9126110	['host3']	['host7', 'host4']	['host13']	['host9']
907	4888	72297325	154162044	277783	['host3']	['host7']	['host13']	['host9']
908	4893	16692796427	2550	248	['host3', 'host15', 'host4']	['host13']	['host9']	['host14']
909	4896	72415805	154313268	238824	['host3']	['host7']	['host13']	['host9']
910	4897	3128089841	168508464	96868133	['host3', 'host15', 'host4']	['host13']	['host9']	['host14']
911	4897	7708800710	5202535037	2619	['host3', 'host15', 'host4']	['host13', 'host14', 'host12', 'host3', 'host8', 'host0', 'host15', 'host6', 'host7', 'host1', 'host5', 'host4', 'host10', 'host2', 'host9', 'host11']	['host1']	['host13']
912	4898	3128089841	71625	7253	['host3', 'host15', 'host4']	['host13']	['host9']	['host14']
913	4899	1126263	1273070	25427	['host3']	['host7']	['host13']	['host9']
914	4902	3128089841	1020050	97897	['host3', 'host15', 'host4']	['host13']	['host9']	['host14']
915	4905	413028	10579	928	['host3']	['host7']	['host13']	['host9']
916	4908	3128089841	176295820	98796158	['host3', 'host15', 'host4']	['host13']	['host9']	['host14']
917	4915	3128089841	18727	2535	['host3', 'host15', 'host4']	['host13']	['host9']	['host14']
918	4918	73200893	155404275	79709	['host3']	['host7']	['host13']	['host9']
919	4920	72799955	154836626	212990	['host3']	['host7']	['host13']	['host9']
920	4925	3128089841	167616031	96671476	['host3', 'host15', 'host4']	['host13']	['host9']	['host14']
921	4925	3128089841	368303	31978	['host3', 'host15', 'host4']	['host13']	['host9']	['host14']
922	4939	11455039575	45031106388	17936290366	['host3', 'host15', 'host4']	['host13', 'host14', 'host12', 'host3', 'host8', 'host0', 'host15', 'host6', 'host7', 'host1', 'host5', 'host4', 'host10', 'host2', 'host9', 'host11']	['host1', 'host0', 'host13', 'host2', 'host4', 'host11', 'host12', 'host9', 'host7', 'host3', 'host14', 'host15', 'host10', 'host5', 'host8', 'host6']	['host1']
923	4946	11083979	6205995	4084651	['host3']	['host7']	['host13']	['host9']
924	4947	1281375620	1692902245	3404652	['host3', 'host15', 'host4']	['host13', 'host14', 'host12', 'host3', 'host8', 'host0']	['host7']	['host2']
925	4948	1574461702	1825956052	248238	['host3', 'host15', 'host4']	['host13', 'host14', 'host12', 'host3', 'host8', 'host0']	['host7']	['host2']
926	4950	4171980897	3226628098	12869	['host3', 'host15', 'host4']	['host13', 'host14', 'host12', 'host3', 'host8', 'host0', 'host15', 'host6', 'host7', 'host1', 'host5', 'host4']	['host7']	['host1']
927	4950	848434435	540646694	8728	['host3', 'host15', 'host4']	['host13', 'host14']	['host14']	['host11']
928	4950	763166062941	2845136251	313830465	['host3', 'host15', 'host4']	['host13', 'host14', 'host12', 'host3', 'host8', 'host0', 'host15', 'host6', 'host7', 'host1']	['host14']	['host13']
929	4951	4171980897	3524669577	318012	['host3', 'host15', 'host4']	['host13', 'host14', 'host12', 'host3', 'host8', 'host0', 'host15', 'host6', 'host7', 'host1', 'host5', 'host4', 'host10']	['host1']	['host5']
930	4951	1542594215	1609559021	10696	['host3', 'host15', 'host4']	['host13', 'host14', 'host12', 'host3', 'host8']	['host7']	['host2']
931	4952	848434435	575241712	198240	['host3', 'host15', 'host4']	['host13', 'host14']	['host14']	['host11']
932	4953	74437851	157668981	72463	['host3']	['host7']	['host13']	['host9']
933	4954	1399	1004	371	['host3']	['host7']	['host13']	['host9']
934	4955	4171980897	3276132556	74212	['host3', 'host15', 'host4']	['host13', 'host14', 'host12', 'host3', 'host8', 'host0', 'host15', 'host6', 'host7', 'host1', 'host5', 'host4']	['host7']	['host1']
935	4957	4171980897	2987428330	4325	['host3', 'host15', 'host4']	['host13', 'host14', 'host12', 'host3', 'host8', 'host0', 'host15', 'host6', 'host7', 'host1', 'host5']	['host13']	['host7']
936	4958	848434435	403205418	407	['host3', 'host15', 'host4']	['host13']	['host9']	['host14']
937	4960	4171980897	2395322847	1359	['host3', 'host15', 'host4']	['host13', 'host14', 'host12', 'host3', 'host8', 'host0', 'host15', 'host6']	['host8']	['host14']
938	4961	1535666519	1241850764	679	['host3', 'host15', 'host4']	['host13', 'host14', 'host12', 'host3']	['host7']	['host2']
939	4961	3128089841	172650795	98095725	['host3', 'host15', 'host4']	['host13']	['host9']	['host14']
940	4963	4171980897	3133770490	6228	['host3', 'host15', 'host4']	['host13', 'host14', 'host12', 'host3', 'host8', 'host0', 'host15', 'host6', 'host7', 'host1', 'host5']	['host13']	['host7']
941	4963	1542123233	1490766740	3271	['host3', 'host15', 'host4']	['host13', 'host14', 'host12', 'host3', 'host8']	['host7']	['host2']
942	4963	848434435	518372261	2334	['host3', 'host15', 'host4']	['host13']	['host9']	['host14']
943	4965	70558702	150614056	279928	['host3']	['host7']	['host13']	['host9']
944	4966	580	401	1275069284	['host3']	['host7']	['host13', 'host14', 'host12', 'host3']	['host7']
945	4966	3094	308	256	['host3']	['host7']	['host13']	['host9']
946	4966	132483	331947	62787	['host3']	['host7']	['host13']	['host9']
947	4969	3128089841	119526	11239	['host3', 'host15', 'host4']	['host13']	['host9']	['host14']
948	4970	18451463305	64102147	7853821	['host3', 'host15', 'host4']	['host13']	['host9']	['host14']
949	4974	3128089841	169883014	97530294	['host3', 'host15', 'host4']	['host13']	['host9']	['host14']
950	4977	11431059213	229857286	10666505	['host3', 'host15', 'host4']	['host13']	['host9']	['host14']
951	4979	46808705017	11356	83	['host3', 'host15', 'host4']	['host13']	['host9']	['host14']
952	4993	4233153	37	244	['host3']	['host7']	['host13']	['host9']
953	4997	32320943602	68280373	245	['host3', 'host15', 'host4']	['host13']	['host9']	['host14']
954	4999	3128089841	1808377	180346	['host3', 'host15', 'host4']	['host13']	['host9']	['host14']
955	5000	3128089841	179887032	99347554	['host3', 'host15', 'host4']	['host13']	['host9']	['host14']
956	5001	80026	1103	2076	['host3']	['host7']	['host13']	['host9']
957	5002	5433	9221	3280	['host3']	['host7']	['host13']	['host9']
958	5005	23253227	6947616	3521851	['host3']	['host7']	['host13']	['host9']
959	5006	62058304	114687395	68699285	['host3']	['host7']	['host13']	['host9']
960	5008	2348310267	3637755270	1142386147	['host3', 'host15', 'host4']	['host13', 'host14', 'host12', 'host3', 'host8', 'host0', 'host15', 'host6', 'host7', 'host1', 'host5', 'host4', 'host10']	['host1', 'host2', 'host5', 'host7']	['host10']
961	5011	54992	286709	67611	['host3']	['host7']	['host13']	['host9']
962	5015	11706	27005	10697	['host3']	['host7']	['host13']	['host9']
963	5021	72665978	154531874	237285	['host3']	['host7']	['host13']	['host9']
964	5023	3128089841	157156	13596	['host3', 'host15', 'host4']	['host13']	['host9']	['host14']
965	5024	3128089841	167381599	96332415	['host3', 'host15', 'host4']	['host13']	['host9']	['host14']
966	5026	24109	58429	23537	['host3']	['host7']	['host13']	['host9']
967	5029	73385	182060	59843	['host3']	['host7']	['host13']	['host9']
968	5030	3128089841	2129301	239720	['host3', 'host15', 'host4']	['host13']	['host9']	['host14']
969	5038	3128089841	175674647	98104135	['host3', 'host15', 'host4']	['host13']	['host9']	['host14']
970	5044	1912	2032	720	['host3']	['host7']	['host13']	['host9']
971	5049	72510373	154501208	276962	['host3']	['host7']	['host13']	['host9']
972	5049	580	383	1342178148	['host3']	['host7']	['host13', 'host14', 'host12', 'host3', 'host8']	['host7']
973	5068	73013246	154976323	103724	['host3']	['host7']	['host13']	['host9']
974	5073	8180	16778	5756	['host3']	['host7']	['host13']	['host9']
975	5074	3128089841	830651	86855	['host3', 'host15', 'host4']	['host13']	['host9']	['host14']
976	5075	73580621	155988958	80163	['host3']	['host7']	['host13']	['host9']
977	5077	3128089841	174500883	97072418	['host3', 'host15', 'host4']	['host13']	['host9']	['host14']
978	5079	6612714070	2513724179	1682707202	['host3', 'host15', 'host4']	['host13', 'host14', 'host12', 'host3', 'host8', 'host0', 'host15', 'host6', 'host7']	['host14', 'host11', 'host15', 'host4', 'host10', 'host1']	['host10']
979	5082	3000565708	867273	125153	['host3', 'host15', 'host4']	['host13']	['host9']	['host14']
980	5084	3128089841	6827805	895677	['host3', 'host15', 'host4']	['host13']	['host9']	['host14']
981	5086	74105840	156879017	72384	['host3']	['host7']	['host13']	['host9']
982	5093	3128089841	192756098	100690172	['host3', 'host15', 'host4']	['host13']	['host9']	['host14']
983	5098	73125494	154928738	212433	['host3']	['host7']	['host13']	['host9']
984	5100	3128089841	168056508	96332567	['host3', 'host15', 'host4']	['host13']	['host9']	['host14']
985	5103	3128089841	178567	15488	['host3', 'host15', 'host4']	['host13']	['host9']	['host14']
986	5128	10550	18244	7868	['host3']	['host7']	['host13']	['host9']
987	5128	580	382	1409287012	['host3']	['host7']	['host13', 'host14', 'host12', 'host3', 'host8']	['host7']
988	5132	125832	259862	13883	['host3']	['host7']	['host13']	['host9']
989	5141	180017	477936	71739	['host3']	['host7']	['host13']	['host9']
990	5148	15761359752	2597576669	1442368	['host3', 'host15', 'host4']	['host13', 'host14', 'host12', 'host3', 'host8', 'host0', 'host15', 'host6', 'host7']	['host14']	['host13']
991	5149	3128089841	934622	96878	['host3', 'host15', 'host4']	['host13']	['host9']	['host14']
992	5149	72246287	153244994	246616	['host3']	['host7']	['host13']	['host9']
993	5152	6966018	2635785	1789173	['host3']	['host7']	['host13']	['host9']
994	5167	3128089841	180863512	98480748	['host3', 'host15', 'host4']	['host13']	['host9']	['host14']
995	5182	3128089841	2434912	277102	['host3', 'host15', 'host4']	['host13']	['host9']	['host14']
996	5186	134679	343811	64060	['host3']	['host7']	['host13']	['host9']
997	5188	46808705017	11390	83	['host3', 'host15', 'host4']	['host13']	['host9']	['host14']
998	5190	73595557	156577622	81378	['host3']	['host7']	['host13']	['host9']
999	5193	32320943602	7854	247	['host3', 'host15', 'host4']	['host13']	['host9']	['host14']
1000	5195	74527144	158232769	73191	['host3']	['host7']	['host13']	['host9']
1001	5195	68699553	140796725	60830350	['host3']	['host7']	['host13']	['host9']
1002	5196	3128089841	7901315	1002737	['host3', 'host15', 'host4']	['host13']	['host9']	['host14']
1003	5197	3128089841	171492427	97378939	['host3', 'host15', 'host4']	['host13']	['host9']	['host14']
1004	5198	3128089841	191701291	101261880	['host3', 'host15', 'host4']	['host13']	['host9']	['host14']
1005	5202	670382	1814010	72539	['host3']	['host7']	['host13']	['host9']
1006	5204	13400292681	3630203	16647	['host3', 'host15', 'host4']	['host13']	['host9']	['host14']
1007	5205	319677535	153345737	2384439200	['host3']	['host7']	['host13', 'host14', 'host12', 'host3', 'host8', 'host0', 'host15', 'host6']	['host8']
1008	5216	3128089841	237217	21705	['host3', 'host15', 'host4']	['host13']	['host9']	['host14']
1009	5217	62701606938	23147833367	16280059881	['host3', 'host15', 'host4']	['host13', 'host14', 'host12', 'host3', 'host8', 'host0', 'host15', 'host6', 'host7', 'host1', 'host5', 'host4', 'host10', 'host2', 'host9', 'host11']	['host1', 'host0', 'host13', 'host2', 'host4', 'host11', 'host12', 'host9', 'host7', 'host3', 'host14', 'host15', 'host10', 'host5', 'host8', 'host6']	['host1']
1010	5218	582	405	1342178150	['host3']	['host7']	['host13', 'host14', 'host12', 'host3', 'host8']	['host7']
1011	5220	5528	4376	2175	['host3']	['host7']	['host13']	['host9']
1012	5221	6872650	6561942	432041	['host3']	['host7']	['host13']	['host9']
1013	5226	11575	22449	9307	['host3']	['host7']	['host13']	['host9']
1014	5233	72255148	153613618	243502	['host3']	['host7']	['host13']	['host9']
1015	5234	75523849	161600376	80533	['host3']	['host7']	['host13']	['host9']
1016	5234	3128089841	169188888	97375352	['host3', 'host15', 'host4']	['host13']	['host9']	['host14']
1017	5236	3128089841	2935092	348767	['host3', 'host15', 'host4']	['host13']	['host9']	['host14']
1018	5243	4233153	37	244	['host3']	['host7']	['host13']	['host9']
1019	5259	3128089841	1143847	122581	['host3', 'host15', 'host4']	['host13']	['host9']	['host14']
1020	5262	3128089841	182447507	99571038	['host3', 'host15', 'host4']	['host13']	['host9']	['host14']
1021	5267	6179583157	17488686486	9321553058	['host3', 'host15', 'host4']	['host13', 'host14', 'host12', 'host3', 'host8', 'host0', 'host15', 'host6', 'host7', 'host1', 'host5', 'host4', 'host10', 'host2', 'host9', 'host11']	['host1', 'host0', 'host13', 'host2', 'host4', 'host11', 'host12', 'host9', 'host7', 'host3', 'host14', 'host15', 'host10', 'host5', 'host8', 'host6']	['host1']
1022	5269	65704	158613	62041	['host3']	['host7']	['host13']	['host9']
1023	5269	3128089841	172844169	98449834	['host3', 'host15', 'host4']	['host13']	['host9']	['host14']
1024	5270	938897099831	11565615721	1317878	['host3', 'host15', 'host4']	['host13', 'host14', 'host12', 'host3', 'host8', 'host0', 'host15', 'host6', 'host7', 'host1', 'host5', 'host4', 'host10', 'host2', 'host9', 'host11']	['host1']	['host13']
1025	5282	262276735	86586203	531304	['host3']	['host7']	['host13']	['host9']
1026	5288	3128089841	8737932	1210932	['host3', 'host15', 'host4']	['host13']	['host9']	['host14']
1027	5296	3128089841	270062	24620	['host3', 'host15', 'host4']	['host13']	['host9']	['host14']
1028	5297	72786897	154880427	112030	['host3']	['host7']	['host13']	['host9']
1029	5299	3128089841	193512664	102470813	['host3', 'host15', 'host4']	['host13']	['host9']	['host14']
1030	5299	13641800864	11689641629	7142755	['host3', 'host15', 'host4']	['host13', 'host14', 'host12', 'host3', 'host8', 'host0', 'host15', 'host6', 'host7', 'host1', 'host5', 'host4', 'host10', 'host2', 'host9', 'host11']	['host1']	['host13']
1031	5302	750604	2092131	73808	['host3']	['host7']	['host13']	['host9']
1032	5304	580	404	1342178148	['host3']	['host7']	['host13', 'host14', 'host12', 'host3', 'host8']	['host7']
1033	5313	5809300772	15731063366	3860087623	['host3', 'host15', 'host4']	['host13', 'host14', 'host12', 'host3', 'host8', 'host0', 'host15', 'host6', 'host7', 'host1', 'host5', 'host4', 'host10', 'host2', 'host9', 'host11']	['host1', 'host0', 'host13', 'host2', 'host4', 'host11', 'host12', 'host9', 'host7', 'host3', 'host14', 'host15', 'host10', 'host5']	['host12']
1034	5326	7644521	12372035	1367411	['host3']	['host7']	['host13']	['host9']
1035	5327	73034773	155125587	110326	['host3']	['host7']	['host13']	['host9']
1036	5328	3128089841	169772923	97643482	['host3', 'host15', 'host4']	['host13']	['host9']	['host14']
1037	5330	3128089841	3443608	396864	['host3', 'host15', 'host4']	['host13']	['host9']	['host14']
1038	5331	72728	185773	72387	['host3']	['host7']	['host13']	['host9']
1039	5335	208309	578973	73597	['host3']	['host7']	['host13']	['host9']
1040	5336	91922	234729	77563	['host3']	['host7']	['host13']	['host9']
1041	5338	3128089841	180752886	100070867	['host3', 'host15', 'host4']	['host13']	['host9']	['host14']
1042	5342	942928632	184486409	358116568	['host3', 'host15', 'host4']	['host13']	['host9']	['host14']
1043	5343	32320943602	7854	246	['host3', 'host15', 'host4']	['host13']	['host9']	['host14']
1044	5348	262130	709801	72568	['host3']	['host7']	['host13']	['host9']
1045	5360	16772	32089	13045	['host3']	['host7']	['host13']	['host9']
1046	5374	3128089841	174006197	98860434	['host3', 'host15', 'host4']	['host13']	['host9']	['host14']
1047	5375	1374309	1597544	1113920	['host3']	['host7']	['host13']	['host9']
1048	5376	3128089841	1233588	135574	['host3', 'host15', 'host4']	['host13']	['host9']	['host14']
1049	5377	73869966	157031544	82694	['host3']	['host7']	['host13']	['host9']
1050	5383	580	405	1476395876	['host3']	['host7']	['host13', 'host14', 'host12', 'host3', 'host8']	['host7']
1051	5385	3128089841	9786779	1338247	['host3', 'host15', 'host4']	['host13']	['host9']	['host14']
1052	5389	907415	2473910	73209	['host3']	['host7']	['host13']	['host9']
1053	5390	73856089	156954534	105429	['host3']	['host7']	['host13']	['host9']
1054	5392	74676973	158742658	82270	['host3']	['host7']	['host13']	['host9']
1055	5402	3128089841	196229291	102769466	['host3', 'host15', 'host4']	['host13']	['host9']	['host14']
1056	5404	75939360	162273909	82238	['host3']	['host7']	['host13']	['host9']
1057	5409	9908968	37	243	['host3']	['host7']	['host13']	['host9']
1058	5415	3128089841	300705	26683	['host3', 'host15', 'host4']	['host13']	['host9']	['host14']
1059	5418	2903629	1511427	589048	['host3']	['host7']	['host13']	['host9']
1060	5419	3128089841	169328576	97391109	['host3', 'host15', 'host4']	['host13']	['host9']	['host14']
1061	5428	297363	844932	75207	['host3']	['host7']	['host13']	['host9']
1062	5431	3128089841	3511667	436023	['host3', 'host15', 'host4']	['host13']	['host9']	['host14']
1063	5432	3128089841	179345432	99738943	['host3', 'host15', 'host4']	['host13']	['host9']	['host14']
1064	5436	73027161	155237656	237839	['host3']	['host7']	['host13']	['host9']
1065	5443	784797223	155	22	['host3', 'host15']	['host13']	['host9']	['host14']
1066	5448	76830035	163708120	81887	['host3']	['host7']	['host13']	['host9']
1067	5454	19488847340	5407336130	130782720	['host3', 'host15', 'host4']	['host13', 'host14', 'host12', 'host3', 'host8', 'host0', 'host15', 'host6', 'host7', 'host1', 'host5', 'host4', 'host10', 'host2', 'host9', 'host11']	['host1']	['host13']
1068	5454	75082953	159204417	84169	['host3']	['host7']	['host13']	['host9']
1069	5457	3128089841	1415992	153353	['host3', 'host15', 'host4']	['host13']	['host9']	['host14']
1070	5458	580	405	1476395876	['host3']	['host7']	['host13', 'host14', 'host12', 'host3', 'host8']	['host7']
1071	5465	3128089841	173242864	98516108	['host3', 'host15', 'host4']	['host13']	['host9']	['host14']
1072	5470	16692796427	2548	247	['host3', 'host15', 'host4']	['host13']	['host9']	['host14']
1073	5474	4233153	37	244	['host3']	['host7']	['host13']	['host9']
1074	5474	18743	38347	15404	['host3']	['host7']	['host13']	['host9']
1075	5476	3128089841	10102631	1439950	['host3', 'host15', 'host4']	['host13']	['host9']	['host14']
1076	5480	32320943602	7821	246	['host3', 'host15', 'host4']	['host13']	['host9']	['host14']
1077	5484	1003022	2780454	75517	['host3']	['host7']	['host13']	['host9']
1078	5490	3128089841	195217918	102795749	['host3', 'host15', 'host4']	['host13']	['host9']	['host14']
1079	5491	3128089841	169861220	97664106	['host3', 'host15', 'host4']	['host13']	['host9']	['host14']
1080	5492	3128089841	345152	29825	['host3', 'host15', 'host4']	['host13']	['host9']	['host14']
1081	5493	26452656	4430686	2961744	['host3']	['host7']	['host13']	['host9']
1082	5494	23057108622	2632189715	1315202232	['host3', 'host15', 'host4']	['host13', 'host14', 'host12', 'host3', 'host8', 'host0', 'host15', 'host6', 'host7']	['host14', 'host11', 'host15', 'host4']	['host1']
1083	5494	17119636	3519813	2587589	['host3']	['host7']	['host13']	['host9']
1084	5511	20004	40159	16107	['host3']	['host7']	['host13']	['host9']
1085	5512	6581141934	7079117858	3567836776	['host3', 'host15', 'host4']	['host13', 'host14', 'host12', 'host3', 'host8', 'host0', 'host15', 'host6', 'host7', 'host1', 'host5', 'host4', 'host10', 'host2', 'host9', 'host11']	['host1', 'host0', 'host13', 'host2', 'host4', 'host11', 'host12', 'host9', 'host7', 'host3', 'host14', 'host15', 'host10']	['host13']
1086	5523	102464610739	6623432345	2152880241	['host3', 'host15', 'host4']	['host13', 'host14', 'host12', 'host3', 'host8', 'host0', 'host15', 'host6', 'host7', 'host1', 'host5', 'host4', 'host10', 'host2', 'host9', 'host11']	['host1', 'host0', 'host13', 'host2', 'host4', 'host11', 'host12', 'host9']	['host5']
1087	5531	73241402	155372624	233764	['host3']	['host7']	['host13']	['host9']
1088	5531	3128089841	3979908	487055	['host3', 'host15', 'host4']	['host13']	['host9']	['host14']
1089	5532	101046	271928	80869	['host3']	['host7']	['host13']	['host9']
1090	5533	580	404	1409287012	['host3']	['host7']	['host13', 'host14', 'host12', 'host3', 'host8']	['host7']
1091	5536	73034889	155251524	225331	['host3']	['host7']	['host13']	['host9']
1092	5537	3128089841	1520089	167498	['host3', 'host15', 'host4']	['host13']	['host9']	['host14']
1093	5540	3128089841	181669728	100220811	['host3', 'host15', 'host4']	['host13']	['host9']	['host14']
1094	5549	74117537	156991737	105883	['host3']	['host7']	['host13']	['host9']
1095	5555	7147388901	706058158	39361013	['host3', 'host15', 'host4']	['host13', 'host14']	['host14']	['host11']
1096	5557	24922	10728	76339	['host3']	['host7']	['host13']	['host9']
1097	5560	22478	47755	18941	['host3']	['host7']	['host13']	['host9']
1098	5561	685388358	3466721449	2579533292	['host3', 'host15']	['host13', 'host14', 'host12', 'host3', 'host8', 'host0', 'host15', 'host6', 'host7', 'host1', 'host5', 'host4']	['host7', 'host4', 'host10', 'host2', 'host1', 'host13', 'host8', 'host9', 'host5']	['host13']
1099	5562	749	49	191	['host3']	['host7']	['host13']	['host9']
1100	5580	3682658121	2450617874	1136876999	['host3', 'host15', 'host4']	['host13', 'host14', 'host12', 'host3', 'host8', 'host0', 'host15', 'host6', 'host7']	['host14', 'host11', 'host15', 'host4']	['host1']
1101	5582	1715824680	1098506262	368566908	['host3', 'host15', 'host4']	['host13', 'host14', 'host12', 'host3']	['host7']	['host2']
1102	5583	705560305	155	249	['host3', 'host15']	['host13']	['host9']	['host14']
1103	5584	3128089841	324148	29948	['host3', 'host15', 'host4']	['host13']	['host9']	['host14']
1104	5587	73898745	157224193	100319	['host3']	['host7']	['host13']	['host9']
1105	5588	299637187340	94482189730	143663976	['host3', 'host15', 'host4']	['host13', 'host14', 'host12', 'host3', 'host8', 'host0', 'host15', 'host6', 'host7', 'host1', 'host5', 'host4', 'host10', 'host2', 'host9', 'host11']	['host1']	['host13']
1106	5588	705560305	162	382	['host3', 'host15']	['host13']	['host9']	['host14']
1107	5588	705560305	162	382	['host3', 'host15']	['host13']	['host9']	['host14']
1108	5589	3128089841	174409429	98909002	['host3', 'host15', 'host4']	['host13']	['host9']	['host14']
1109	5590	3128089841	10996696	1571757	['host3', 'host15', 'host4']	['host13']	['host9']	['host14']
1110	5594	3682658121	60307665	186175	['host3', 'host15', 'host4']	['host13']	['host9']	['host14']
1111	5595	1313229530	58091	4159	['host3', 'host15', 'host4']	['host13']	['host9']	['host14']
1112	5595	1791771924	7151857	1149445	['host3', 'host15', 'host4']	['host13']	['host9']	['host14']
1113	5595	3682658121	912668568	55798901	['host3', 'host15', 'host4']	['host13', 'host14', 'host12']	['host11']	['host7']
1114	5597	1791771924	18681509	2911183	['host3', 'host15', 'host4']	['host13']	['host9']	['host14']
1115	5602	53210919623	17018024178	11457523	['host3', 'host15', 'host4']	['host13', 'host14', 'host12', 'host3', 'host8', 'host0', 'host15', 'host6', 'host7', 'host1', 'host5', 'host4', 'host10', 'host2', 'host9', 'host11']	['host1']	['host13']
1116	5608	582	402	1409287014	['host3']	['host7']	['host13', 'host14', 'host12', 'host3', 'host8']	['host7']
1117	5612	73227409	155451889	221681	['host3']	['host7']	['host13']	['host9']
1118	5613	74803521	158911267	82325	['host3']	['host7']	['host13']	['host9']
1119	5614	114577	297766	76975	['host3']	['host7']	['host13']	['host9']
1120	5614	32320943602	7821	245	['host3', 'host15', 'host4']	['host13']	['host9']	['host14']
1121	5616	326259	894260	72417	['host3']	['host7']	['host13']	['host9']
1122	5619	9498759	13889305	31866	['host3']	['host7']	['host13']	['host9']
1123	5622	3128089841	197814627	103081199	['host3', 'host15', 'host4']	['host13']	['host9']	['host14']
1124	5626	649	194	442	['host3']	['host7']	['host13']	['host9']
1125	5631	792401	711000	229696	['host3']	['host7']	['host13']	['host9']
1126	5632	1030353	22	127	['host3']	['host7']	['host13']	['host9']
1127	5647	15503279	406873	179237	['host3']	['host7']	['host13']	['host9']
1128	5656	1079575	2901285	73697	['host3']	['host7']	['host13']	['host9']
1129	5669	77085065	164370284	81989	['host3']	['host7']	['host13']	['host9']
1130	5671	32134	34607	30407	['host3']	['host7']	['host13']	['host9']
1131	5680	580	402	1409287012	['host3']	['host7']	['host13', 'host14', 'host12', 'host3', 'host8']	['host7']
1132	5683	3128089841	169973557	97718869	['host3', 'host15', 'host4']	['host13']	['host9']	['host14']
1133	5685	365762	1038491	74990	['host3']	['host7']	['host13']	['host9']
1134	5687	1178195	3298535	75845	['host3']	['host7']	['host13']	['host9']
1135	5694	255791571	278931217	35599254	['host3']	['host7']	['host13']	['host9']
1136	5698	3128089841	3513002	448934	['host3', 'host15', 'host4']	['host13']	['host9']	['host14']
1137	5702	77302089315	111108181	1423735	['host3', 'host15', 'host4']	['host13']	['host9']	['host14']
1138	5703	1314624	1147771	884774	['host3']	['host7']	['host13']	['host9']
1139	5704	83536091926	150035053	1423273	['host3', 'host15', 'host4']	['host13']	['host9']	['host14']
1140	5705	73476471165	118368906	1421848	['host3', 'host15', 'host4']	['host13']	['host9']	['host14']
1141	5706	78426386362	116087902	1424122	['host3', 'host15', 'host4']	['host13']	['host9']	['host14']
1142	5706	78355250388	136990524	1424100	['host3', 'host15', 'host4']	['host13']	['host9']	['host14']
1143	5710	64306595974	100453801	1421933	['host3', 'host15', 'host4']	['host13']	['host9']	['host14']
1144	5711	85808475492	123198985	1424860	['host3', 'host15', 'host4']	['host13']	['host9']	['host14']
1145	5712	22349878422	19248335900	133500099	['host3', 'host15', 'host4']	['host13', 'host14', 'host12', 'host3', 'host8', 'host0', 'host15', 'host6', 'host7', 'host1', 'host5', 'host4', 'host10', 'host2', 'host9', 'host11']	['host1']	['host13']
1146	5712	91501241444	52847306357	43459056223	['host3', 'host15', 'host4']	['host13', 'host14', 'host12', 'host3', 'host8', 'host0', 'host15', 'host6', 'host7', 'host1', 'host5', 'host4', 'host10', 'host2', 'host9', 'host11']	['host1', 'host0', 'host13', 'host2', 'host4', 'host11', 'host12', 'host9', 'host7', 'host3', 'host14', 'host15', 'host10', 'host5', 'host8', 'host6']	['host1']
1147	5713	6866974	6559371	432125	['host3']	['host7']	['host13']	['host9']
1148	5713	3128089841	180955330	100249142	['host3', 'host15', 'host4']	['host13']	['host9']	['host14']
1149	5714	4233153	37	244	['host3']	['host7']	['host13']	['host9']
1150	5720	124913	339625	80317	['host3']	['host7']	['host13']	['host9']
1151	5725	22149	45252	18086	['host3']	['host7']	['host13']	['host9']
1152	5733	3128089841	10504045	1471507	['host3', 'host15', 'host4']	['host13']	['host9']	['host14']
1153	5733	3128089841	1469053	160335	['host3', 'host15', 'host4']	['host13']	['host9']	['host14']
1154	5735	3128089841	174418880	98999937	['host3', 'host15', 'host4']	['host13']	['host9']	['host14']
1155	5743	77073761	164938516	84131	['host3']	['host7']	['host13']	['host9']
1156	5746	6652225938	7789855	127960	['host3', 'host15', 'host4']	['host13']	['host9']	['host14']
1157	5749	580	405	1342178148	['host3']	['host7']	['host13', 'host14', 'host12', 'host3', 'host8']	['host7']
1158	5749	75178617	159677149	84564	['host3']	['host7']	['host13']	['host9']
1159	5754	13400292681	1706273	885137	['host3', 'host15', 'host4']	['host13']	['host9']	['host14']
1160	5776	2328	226	314	['host3']	['host7']	['host13']	['host9']
1161	5777	6179583157	17344618881	8637908939	['host3', 'host15', 'host4']	['host13', 'host14', 'host12', 'host3', 'host8', 'host0', 'host15', 'host6', 'host7', 'host1', 'host5', 'host4', 'host10', 'host2', 'host9', 'host11']	['host1', 'host0', 'host13', 'host2', 'host4', 'host11', 'host12', 'host9', 'host7', 'host3', 'host14', 'host15', 'host10', 'host5', 'host8', 'host6']	['host1']
1162	5780	3128089841	201466932	102943814	['host3', 'host15', 'host4']	['host13']	['host9']	['host14']
1163	5781	47818129	18	136	['host3']	['host7']	['host13']	['host9']
1164	5783	32320943602	7854	245	['host3', 'host15', 'host4']	['host13']	['host9']	['host14']
1165	5788	13629371889	11671013136	7135745	['host3', 'host15', 'host4']	['host13', 'host14', 'host12', 'host3', 'host8', 'host0', 'host15', 'host6', 'host7', 'host1', 'host5', 'host4', 'host10', 'host2', 'host9', 'host11']	['host1']	['host13']
1166	5801	2029188003	2619632400	1015454	['host3', 'host15', 'host4']	['host13', 'host14', 'host12', 'host3', 'host8', 'host0', 'host15', 'host6', 'host7']	['host14']	['host13']
1167	5808	28163032663	6767278626	81406682	['host3', 'host15', 'host4']	['host13', 'host14', 'host12', 'host3', 'host8', 'host0', 'host15', 'host6', 'host7', 'host1', 'host5', 'host4', 'host10', 'host2', 'host9', 'host11']	['host1']	['host13']
1168	5817	3128089841	377382	33198	['host3', 'host15', 'host4']	['host13']	['host9']	['host14']
1169	5819	192924363	179303095	8335301	['host3']	['host7']	['host13']	['host9']
1170	5821	74157670	157151113	101093	['host3']	['host7']	['host13']	['host9']
1171	5827	580	405	1140851556	['host3']	['host7']	['host13', 'host14', 'host12', 'host3']	['host7']
1172	5828	35429028	13222931	281	['host3']	['host7']	['host13']	['host9']
1173	5831	3128089841	170902939	98153845	['host3', 'host15', 'host4']	['host13']	['host9']	['host14']
1174	5832	1294270509	3853351916	1436475082	['host3', 'host15', 'host4']	['host13', 'host14', 'host12', 'host3', 'host8', 'host0', 'host15', 'host6', 'host7', 'host1', 'host5', 'host4', 'host10', 'host2']	['host5', 'host12', 'host13', 'host7', 'host8']	['host10']
1175	5834	121044	317038	78922	['host3']	['host7']	['host13']	['host9']
1176	5834	1180798716	1362962700	659623	['host3', 'host15', 'host4']	['host13', 'host14', 'host12', 'host3', 'host8']	['host7']	['host2']
1177	5836	1102469	3060948	75284	['host3']	['host7']	['host13']	['host9']
1178	5838	24649043433	46004961047	211717	['host3', 'host15', 'host4']	['host13', 'host14', 'host12', 'host3', 'host8', 'host0', 'host15', 'host6', 'host7', 'host1', 'host5', 'host4', 'host10', 'host2', 'host9', 'host11']	['host1']	['host13']
1179	5843	3128089841	4076006	500108	['host3', 'host15', 'host4']	['host13']	['host9']	['host14']
1180	5845	981063028	186	241	['host3', 'host15', 'host4']	['host13']	['host9']	['host14']
1181	5857	77316694	165521306	84291	['host3']	['host7']	['host13']	['host9']
1182	5858	337149	928105	73955	['host3']	['host7']	['host13']	['host9']
1183	5859	75197408	159545522	83531	['host3']	['host7']	['host13']	['host9']
1184	5864	6637627693	1102197874	12697227	['host3', 'host15', 'host4']	['host13', 'host14', 'host12', 'host3']	['host7']	['host2']
1185	5869	3128089841	182441392	100339634	['host3', 'host15', 'host4']	['host13']	['host9']	['host14']
1186	5876	580	405	1543504740	['host3']	['host7']	['host13', 'host14', 'host12', 'host3', 'host8']	['host7']
1187	5879	58180937664	93377331421	52871602982	['host3', 'host15', 'host4']	['host13', 'host14', 'host12', 'host3', 'host8', 'host0', 'host15', 'host6', 'host7', 'host1', 'host5', 'host4', 'host10', 'host2', 'host9', 'host11']	['host1', 'host0', 'host13', 'host2', 'host4', 'host11', 'host12', 'host9', 'host7', 'host3', 'host14', 'host15', 'host10', 'host5', 'host8', 'host6']	['host1']
1188	5886	73297929	155849502	223536	['host3']	['host7']	['host13']	['host9']
1189	5888	24923	54029	20899	['host3']	['host7']	['host13']	['host9']
1190	5897	646652	1635927	168987	['host3']	['host7']	['host13']	['host9']
1191	5899	567662	858622	223594	['host3']	['host7']	['host13']	['host9']
1192	5900	684	36	136	['host3']	['host7']	['host13']	['host9']
1193	5903	24648884044	45967035079	6664	['host3', 'host15', 'host4']	['host13', 'host14', 'host12', 'host3', 'host8', 'host0', 'host15', 'host6', 'host7', 'host1', 'host5', 'host4', 'host10', 'host2', 'host9', 'host11']	['host1']	['host13']
1194	5908	1542123233	1609463717	59584	['host3', 'host15', 'host4']	['host13', 'host14', 'host12', 'host3', 'host8']	['host7']	['host2']
1195	5908	6316666	1125027	889	['host3']	['host7']	['host13']	['host9']
1196	5909	77208929	165484898	83605	['host3']	['host7']	['host13']	['host9']
1197	5911	278224573	45646413	1096	['host3']	['host7']	['host13']	['host9']
1198	5918	3128089841	1612146	174027	['host3', 'host15', 'host4']	['host13']	['host9']	['host14']
1199	5922	5105018	3383142	4473404	['host3']	['host7']	['host13']	['host9']
1200	5930	32320943602	8092	247	['host3', 'host15', 'host4']	['host13']	['host9']	['host14']
1201	5940	94535473850	25229831039	3188288779	['host3', 'host15', 'host4']	['host13', 'host14', 'host12', 'host3', 'host8', 'host0', 'host15', 'host6', 'host7', 'host1', 'host5', 'host4', 'host10', 'host2', 'host9', 'host11']	['host1', 'host0', 'host13', 'host2', 'host4', 'host11', 'host12', 'host9', 'host7', 'host3', 'host14']	['host2']
1202	5945	404	22	191	['host3']	['host7']	['host13']	['host9']
1203	5950	74249499	157278514	102062	['host3']	['host7']	['host13']	['host9']
1204	5952	580	404	1409287012	['host3']	['host7']	['host13', 'host14', 'host12', 'host3', 'host8']	['host7']
1205	5958	73619911	155880555	220579	['host3']	['host7']	['host13']	['host9']
1206	5961	4233153	33	244	['host3']	['host7']	['host13']	['host9']
1207	5973	23709	34920	10250	['host3']	['host7']	['host13']	['host9']
1208	5981	706270	1058499	1248	['host3']	['host7']	['host13']	['host9']
1209	5982	27892	42050	1163	['host3']	['host7']	['host13']	['host9']
1210	5984	401348	678955	1126	['host3']	['host7']	['host13']	['host9']
1211	5984	2567320	4014557	3585	['host3']	['host7']	['host13']	['host9']
1212	5984	771914	1176507	1178	['host3']	['host7']	['host13']	['host9']
1213	5991	1535666519	1406432871	2830	['host3', 'host15', 'host4']	['host13', 'host14', 'host12', 'host3', 'host8']	['host7']	['host2']
1214	5995	75267346	160476929	86279	['host3']	['host7']	['host13']	['host9']
1215	6000	848434435	528534496	27692	['host3', 'host15', 'host4']	['host13']	['host9']	['host14']
1216	6002	4171980897	3114225776	45064	['host3', 'host15', 'host4']	['host13', 'host14', 'host12', 'host3', 'host8', 'host0', 'host15', 'host6', 'host7', 'host1', 'host5']	['host13']	['host7']
1217	6003	4171980897	3114225776	45604	['host3', 'host15', 'host4']	['host13', 'host14', 'host12', 'host3', 'host8', 'host0', 'host15', 'host6', 'host7', 'host1', 'host5']	['host13']	['host7']
1218	6006	375483	1099761	76623	['host3']	['host7']	['host13']	['host9']
1219	6019	3128089841	175148523	99015177	['host3', 'host15', 'host4']	['host13']	['host9']	['host14']
1220	6022	130924	363905	82248	['host3']	['host7']	['host13']	['host9']
1221	6029	1516	1652	1030	['host3']	['host7']	['host13']	['host9']
1222	6031	1431	1716	894	['host3']	['host7']	['host13']	['host9']
1223	6032	582	405	1342178150	['host3']	['host7']	['host13', 'host14', 'host12', 'host3', 'host8']	['host7']
1224	6032	1394	1652	952	['host3']	['host7']	['host13']	['host9']
1225	6034	1446	1662	963	['host3']	['host7']	['host13']	['host9']
1226	6035	3853	5142	3427	['host3']	['host7']	['host13']	['host9']
1227	6037	15766879006	77861	4567	['host3', 'host15', 'host4']	['host13']	['host9']	['host14']
1228	6046	2714	54	346	['host3']	['host7']	['host13']	['host9']
1229	6049	3128089841	199792043	103390338	['host3', 'host15', 'host4']	['host13']	['host9']	['host14']
1230	6050	3128089841	11182645	1603132	['host3', 'host15', 'host4']	['host13']	['host9']	['host14']
1231	6071	32320943602	67422193	245	['host3', 'host15', 'host4']	['host13']	['host9']	['host14']
1232	6076	3220504621	860411	142611	['host3', 'host15', 'host4']	['host13']	['host9']	['host14']
1233	6085	848434435	544394275	45522	['host3', 'host15', 'host4']	['host13', 'host14']	['host14']	['host11']
1234	6088	848434435	559811438	71749	['host3', 'host15', 'host4']	['host13', 'host14']	['host14']	['host11']
1235	6089	1554109177	1732362066	90766	['host3', 'host15', 'host4']	['host13', 'host14', 'host12', 'host3', 'host8', 'host0']	['host7']	['host2']
1236	6092	4171980897	3414308077	113504	['host3', 'host15', 'host4']	['host13', 'host14', 'host12', 'host3', 'host8', 'host0', 'host15', 'host6', 'host7', 'host1', 'host5', 'host4']	['host7']	['host1']
1237	6093	3128089841	1518	696	['host3', 'host15', 'host4']	['host13']	['host9']	['host14']
1238	6095	981063028	155	240	['host3', 'host15', 'host4']	['host13']	['host9']	['host14']
1239	6096	239841921	320884349	835670	['host3']	['host7']	['host13']	['host9']
1240	6103	1248662614	4064367045	2651310298	['host3', 'host15', 'host4']	['host13', 'host14', 'host12', 'host3', 'host8', 'host0', 'host15', 'host6', 'host7', 'host1', 'host5', 'host4', 'host10', 'host2', 'host9']	['host10', 'host7', 'host0', 'host13', 'host2', 'host11', 'host5', 'host9', 'host1']	['host8']
1241	6108	784797223	155	22	['host3', 'host15']	['host13']	['host9']	['host14']
1242	6116	1628716959	2664	254	['host3', 'host15', 'host4']	['host13']	['host9']	['host14']
1243	6117	582	403	1409287014	['host3']	['host7']	['host13', 'host14', 'host12', 'host3', 'host8']	['host7']
1244	6127	3128089841	180254419	106427376	['host3', 'host15', 'host4']	['host13']	['host9']	['host14']
1245	6133	3128089841	52987	4732	['host3', 'host15', 'host4']	['host13']	['host9']	['host14']
1246	6144	549084671	415662048	273665	['host3', 'host15']	['host13']	['host9']	['host14']
1247	6155	20048630	27739924	24223	['host3']	['host7']	['host13']	['host9']
1248	6158	20048630	27984463	16476	['host3']	['host7']	['host13']	['host9']
1249	6160	20048630	113066	690	['host3']	['host7']	['host13']	['host9']
1250	6162	20048630	31966623	16656	['host3']	['host7']	['host13']	['host9']
1251	6163	20048630	6145	596	['host3']	['host7']	['host13']	['host9']
1252	6163	20048630	121546	191	['host3']	['host7']	['host13']	['host9']
1253	6163	20048630	351190	191	['host3']	['host7']	['host13']	['host9']
1254	6165	20048630	29462414	8045	['host3']	['host7']	['host13']	['host9']
1255	6166	20048630	29581895	8127	['host3']	['host7']	['host13']	['host9']
1256	6168	20048630	28577082	9898	['host3']	['host7']	['host13']	['host9']
1257	6169	20048630	27067216	14448	['host3']	['host7']	['host13']	['host9']
1258	6190	514829513	1153600561	77013661	['host3']	['host7', 'host4', 'host11', 'host14']	['host14']	['host11']
1259	6191	1202074	3540192	77491	['host3']	['host7']	['host13']	['host9']
1260	6194	276516235	169486985	267480954	['host3']	['host7']	['host13']	['host9']
1261	6195	580	404	1476395876	['host3']	['host7']	['host13', 'host14', 'host12', 'host3', 'host8']	['host7']
1262	6201	548896226	401376862	272	['host3', 'host15']	['host13']	['host9']	['host14']
1263	6201	11963	11468	7261	['host3']	['host7']	['host13']	['host9']
1264	6203	408	79	62	['host3']	['host7']	['host13']	['host9']
1265	6203	4233153	37	244	['host3']	['host7']	['host13']	['host9']
1266	6207	74257354	157802386	102744	['host3']	['host7']	['host13']	['host9']
1267	6210	5943	5908	2809	['host3']	['host7']	['host13']	['host9']
1268	6212	764	36	191	['host3']	['host7']	['host13']	['host9']
1269	6223	5778840444	15869351432	3883859398	['host3', 'host15', 'host4']	['host13', 'host14', 'host12', 'host3', 'host8', 'host0', 'host15', 'host6', 'host7', 'host1', 'host5', 'host4', 'host10', 'host2', 'host9', 'host11']	['host1', 'host0', 'host13', 'host2', 'host4', 'host11', 'host12', 'host9', 'host7', 'host3', 'host14', 'host15', 'host10', 'host5']	['host12']
1270	6228	6860036	6551858	431188	['host3']	['host7']	['host13']	['host9']
1271	6232	77556746	166292168	85993	['host3']	['host7']	['host13']	['host9']
1272	6233	1347182535	2559526152	1561423553	['host3', 'host15', 'host4']	['host13', 'host14', 'host12', 'host3', 'host8', 'host0', 'host15', 'host6', 'host7']	['host14', 'host11', 'host15', 'host4', 'host10']	['host5']
1273	6248	7529	8840	3780	['host3']	['host7']	['host13']	['host9']
1274	6253	38970773	1124429	528950	['host3']	['host7']	['host13']	['host9']
1275	6258	3381	5045	2243	['host3']	['host7']	['host13']	['host9']
1276	6264	32320943602	7854	247	['host3', 'host15', 'host4']	['host13']	['host9']	['host14']
1277	6265	580	405	1409287012	['host3']	['host7']	['host13', 'host14', 'host12', 'host3', 'host8']	['host7']
1278	6270	8335569	12884315	7250114	['host3']	['host7']	['host13']	['host9']
1279	6285	4048	4444	4047	['host3']	['host7']	['host13']	['host9']
1280	6292	848434435	644250528	2078	['host3', 'host15', 'host4']	['host13', 'host14']	['host14']	['host11']
1281	6300	189441230	18	2100	['host3']	['host7']	['host13']	['host9']
1282	6301	3128089841	185162304	109761663	['host3', 'host15', 'host4']	['host13']	['host9']	['host14']
1283	6302	128550515	94012820	7146653	['host3']	['host7']	['host13']	['host9']
1284	6303	79831249	164028234	1605	['host3']	['host7']	['host13']	['host9']
1285	6309	13616526942	11664356777	7128523	['host3', 'host15', 'host4']	['host13', 'host14', 'host12', 'host3', 'host8', 'host0', 'host15', 'host6', 'host7', 'host1', 'host5', 'host4', 'host10', 'host2', 'host9', 'host11']	['host1']	['host13']
1286	6314	3128089841	23237	2711	['host3', 'host15', 'host4']	['host13']	['host9']	['host14']
1287	6335	580	404	1409287012	['host3']	['host7']	['host13', 'host14', 'host12', 'host3', 'host8']	['host7']
1288	6338	19593969	1168	740	['host3']	['host7']	['host13']	['host9']
1289	6341	99734717	325162841	1925	['host3']	['host7']	['host13']	['host9']
1290	6363	334839723	374332905	10742405	['host3']	['host7']	['host13']	['host9']
1291	6365	981063028	186	240	['host3', 'host15', 'host4']	['host13']	['host9']	['host14']
1292	6369	3128089841	183205631	109260971	['host3', 'host15', 'host4']	['host13']	['host9']	['host14']
1293	6376	1628716959	2700	254	['host3', 'host15', 'host4']	['host13']	['host9']	['host14']
1294	6380	312244377	91255159	1374843	['host3']	['host7']	['host13']	['host9']
1295	6383	1940	1890	569	['host3']	['host7']	['host13']	['host9']
1296	6393	160811322	18	272	['host3']	['host7']	['host13']	['host9']
1297	6406	580	403	1543504740	['host3']	['host7']	['host13', 'host14', 'host12', 'host3', 'host8']	['host7']
1298	6407	32320943602	7821	246	['host3', 'host15', 'host4']	['host13']	['host9']	['host14']
1299	6407	12595069940	1581	240	['host3', 'host15', 'host4']	['host13']	['host9']	['host14']
1300	6418	82296399	168641610	17455	['host3']	['host7']	['host13']	['host9']
1301	6442	86855335	254129602	272	['host3']	['host7']	['host13']	['host9']
1302	6443	4328892151	15459349607	29157788	['host3', 'host15', 'host4']	['host13', 'host14', 'host12', 'host3', 'host8', 'host0', 'host15', 'host6', 'host7', 'host1', 'host5', 'host4', 'host10', 'host2', 'host9', 'host11']	['host1']	['host13']
1303	6447	4233153	37	244	['host3']	['host7']	['host13']	['host9']
1304	6456	913818637	1123639	160557	['host3', 'host15', 'host4']	['host13']	['host9']	['host14']
1305	6468	3128089841	471844	35126	['host3', 'host15', 'host4']	['host13']	['host9']	['host14']
1306	6468	335334747	127189	43349	['host3']	['host7']	['host13']	['host9']
1307	6472	560219626	2077271	710024	['host3', 'host15']	['host13']	['host9']	['host14']
1308	6480	3128089841	190776331	111114972	['host3', 'host15', 'host4']	['host13']	['host9']	['host14']
1309	6482	3128089841	3801	935	['host3', 'host15', 'host4']	['host13']	['host9']	['host14']
1310	6485	580	404	1543504740	['host3']	['host7']	['host13', 'host14', 'host12', 'host3', 'host8']	['host7']
1311	6488	104191	113330	52227	['host3']	['host7']	['host13']	['host9']
1312	6489	81970611	168167787	6224	['host3']	['host7']	['host13']	['host9']
1313	6490	35599522	48179269	433	['host3']	['host7']	['host13']	['host9']
1314	6501	22783280	18041961	15038919	['host3']	['host7']	['host13']	['host9']
1315	6502	131700124	14802154	2823290	['host3']	['host7']	['host13']	['host9']
1316	6502	12177259213	335569934	7151447	['host3', 'host15', 'host4']	['host13']	['host9']	['host14']
1317	6503	1303626	470	191	['host3']	['host7']	['host13']	['host9']
1318	6505	580317441	3168	1873	['host3', 'host15']	['host13']	['host9']	['host14']
1319	6509	1004730	930190	281834	['host3']	['host7']	['host13']	['host9']
1320	6513	3567836776	543584720	358382148	['host3', 'host15', 'host4']	['host13', 'host14']	['host14']	['host11']
1321	6522	3567836776	420	248	['host3', 'host15', 'host4']	['host13']	['host9']	['host14']
1322	6524	15790885	413164	181282	['host3']	['host7']	['host13']	['host9']
1323	6527	913681528	204328249	272	['host3', 'host15', 'host4']	['host13']	['host9']	['host14']
1324	6539	26166	50167	9597	['host3']	['host7']	['host13']	['host9']
1325	6550	3128089841	182868879	109391413	['host3', 'host15', 'host4']	['host13']	['host9']	['host14']
1326	6556	352837079294	46265661937	7961498404	['host3', 'host15', 'host4']	['host13', 'host14', 'host12', 'host3', 'host8', 'host0', 'host15', 'host6', 'host7', 'host1', 'host5', 'host4', 'host10', 'host2', 'host9', 'host11']	['host1', 'host0', 'host13', 'host2', 'host4', 'host11', 'host12', 'host9', 'host7', 'host3', 'host14', 'host15', 'host10', 'host5', 'host8', 'host6']	['host1']
1327	6556	81327	250203	225959	['host3']	['host7']	['host13']	['host9']
1328	6558	507	217	149	['host3']	['host7']	['host13']	['host9']
1329	6560	582	406	1342178150	['host3']	['host7']	['host13', 'host14', 'host12', 'host3', 'host8']	['host7']
1330	6562	111343812581	62872559480	904896	['host3', 'host15', 'host4']	['host13', 'host14', 'host12', 'host3', 'host8', 'host0', 'host15', 'host6', 'host7', 'host1', 'host5', 'host4', 'host10', 'host2', 'host9', 'host11']	['host1']	['host13']
1331	6579	8936389830	5213587183	2910	['host3', 'host15', 'host4']	['host13', 'host14', 'host12', 'host3', 'host8', 'host0', 'host15', 'host6', 'host7', 'host1', 'host5', 'host4', 'host10', 'host2', 'host9', 'host11']	['host1']	['host13']
1332	6590	32320943602	7854	246	['host3', 'host15', 'host4']	['host13']	['host9']	['host14']
1333	6597	83350981	171232710	31012	['host3']	['host7']	['host13']	['host9']
1334	6599	3000119105	3046223991	613249561	['host3', 'host15', 'host4']	['host13', 'host14', 'host12', 'host3', 'host8', 'host0', 'host15', 'host6', 'host7', 'host1', 'host5']	['host13', 'host15']	['host1']
1335	6602	111344283881	62880328608	4591340	['host3', 'host15', 'host4']	['host13', 'host14', 'host12', 'host3', 'host8', 'host0', 'host15', 'host6', 'host7', 'host1', 'host5', 'host4', 'host10', 'host2', 'host9', 'host11']	['host1']	['host13']
1336	6625	226227	226053	129679	['host3']	['host7']	['host13']	['host9']
1337	6628	3128089841	173547	13312	['host3', 'host15', 'host4']	['host13']	['host9']	['host14']
1338	6630	15186207	19104204	191	['host3']	['host7']	['host13']	['host9']
1339	6631	485340	14092	4376	['host3']	['host7']	['host13']	['host9']
1340	6631	11760068	16845231	662571	['host3']	['host7']	['host13']	['host9']
1341	6636	1347182535	2436672774	1344530908	['host3', 'host15', 'host4']	['host13', 'host14', 'host12', 'host3', 'host8', 'host0', 'host15', 'host6', 'host7']	['host14', 'host11', 'host15', 'host4', 'host10']	['host5']
1342	6644	3128089841	49789	4770	['host3', 'host15', 'host4']	['host13']	['host9']	['host14']
1343	6649	3128089841	184927517	110128954	['host3', 'host15', 'host4']	['host13']	['host9']	['host14']
1344	6650	3128089841	187980936	110788057	['host3', 'host15', 'host4']	['host13']	['host9']	['host14']
1345	6651	3128089841	1153405	90572	['host3', 'host15', 'host4']	['host13']	['host9']	['host14']
1346	6660	3128089841	200482185	112468807	['host3', 'host15', 'host4']	['host13']	['host9']	['host14']
1347	6660	3128089841	9848	1686	['host3', 'host15', 'host4']	['host13']	['host9']	['host14']
1348	6661	1628716959	44940	15518	['host3', 'host15', 'host4']	['host13']	['host9']	['host14']
1349	6665	3128089841	181710569	107765340	['host3', 'host15', 'host4']	['host13']	['host9']	['host14']
1350	6671	82062184	168309730	3014	['host3']	['host7']	['host13']	['host9']
1351	6675	1110	36	136	['host3']	['host7']	['host13']	['host9']
1352	6676	3128089841	176124	14927	['host3', 'host15', 'host4']	['host13']	['host9']	['host14']
1353	6677	3128089841	187356998	111171351	['host3', 'host15', 'host4']	['host13']	['host9']	['host14']
1354	6678	4233153	33	244	['host3']	['host7']	['host13']	['host9']
1355	6679	1002665258	1869451351	117612545	['host3', 'host15', 'host4']	['host13', 'host14', 'host12', 'host3', 'host8', 'host0']	['host7']	['host2']
1356	6684	12595069940	1683	245	['host3', 'host15', 'host4']	['host13']	['host9']	['host14']
1357	6687	13517996710	3643726	16630	['host3', 'host15', 'host4']	['host13']	['host9']	['host14']
1358	6694	3128089841	64552	6417	['host3', 'host15', 'host4']	['host13']	['host9']	['host14']
1359	6695	15136	19876	256	['host3']	['host7']	['host13']	['host9']
1360	6695	33859	22	254	['host3']	['host7']	['host13']	['host9']
1361	6697	3128089841	189154830	110632879	['host3', 'host15', 'host4']	['host13']	['host9']	['host14']
1362	6698	582	406	1409287014	['host3']	['host7']	['host13', 'host14', 'host12', 'host3', 'host8']	['host7']
1363	6698	33859	43613	256	['host3']	['host7']	['host13']	['host9']
1364	6699	220494518	259446984	2985	['host3']	['host7']	['host13']	['host9']
1365	6700	15136	22	254	['host3']	['host7']	['host13']	['host9']
1366	6700	3128089841	1096117	95322	['host3', 'host15', 'host4']	['host13']	['host9']	['host14']
1367	6705	3128089841	194706656	112578470	['host3', 'host15', 'host4']	['host13']	['host9']	['host14']
1368	6711	267429	143648	1091	['host3']	['host7']	['host13']	['host9']
1369	6712	4567	30698	3400	['host3']	['host7']	['host13']	['host9']
1370	6713	186011	200395	287	['host3']	['host7']	['host13']	['host9']
1371	6714	226116	169146	1710	['host3']	['host7']	['host13']	['host9']
1372	6714	200770	204647	409	['host3']	['host7']	['host13']	['host9']
1373	6716	211357	138825	852	['host3']	['host7']	['host13']	['host9']
1374	6719	404	18	191	['host3']	['host7']	['host13']	['host9']
1375	6721	3128089841	17312	2374	['host3', 'host15', 'host4']	['host13']	['host9']	['host14']
1376	6725	3762	4489	1204	['host3']	['host7']	['host13']	['host9']
1377	6730	1531479503	2046701662	272	['host3', 'host15', 'host4']	['host13', 'host14', 'host12', 'host3', 'host8', 'host0', 'host15']	['host2']	['host8']
1378	6731	3128089841	184636358	110766069	['host3', 'host15', 'host4']	['host13']	['host9']	['host14']
1379	6731	3128089841	425192	33717	['host3', 'host15', 'host4']	['host13']	['host9']	['host14']
1380	6732	3128089841	190554467	112141798	['host3', 'host15', 'host4']	['host13']	['host9']	['host14']
1381	6734	3128089841	117171	10706	['host3', 'host15', 'host4']	['host13']	['host9']	['host14']
1382	6738	2092	148	325	['host3']	['host7']	['host13']	['host9']
1383	6745	1285	769	189	['host3']	['host7']	['host13']	['host9']
1384	6745	6853878	6542842	430537	['host3']	['host7']	['host13']	['host9']
1385	6752	67727	139100	16665	['host3']	['host7']	['host13']	['host9']
1386	6753	9726	18226	5558	['host3']	['host7']	['host13']	['host9']
1387	6759	32320943602	7854	245	['host3', 'host15', 'host4']	['host13']	['host9']	['host14']
1388	6766	82566260	169973352	8986	['host3']	['host7']	['host13']	['host9']
1389	6768	3128089841	186839505	111439821	['host3', 'host15', 'host4']	['host13']	['host9']	['host14']
1390	6769	83096566	170786391	24040	['host3']	['host7']	['host13']	['host9']
1391	6771	580	405	1409287012	['host3']	['host7']	['host13', 'host14', 'host12', 'host3', 'host8']	['host7']
1392	6779	3128089841	2175937	197694	['host3', 'host15', 'host4']	['host13']	['host9']	['host14']
1393	6781	80846107	165884973	2042	['host3']	['host7']	['host13']	['host9']
1394	6782	679266	956889	265	['host3']	['host7']	['host13']	['host9']
1395	6782	382	22	254	['host3']	['host7']	['host13']	['host9']
1396	6783	382	22	254	['host3']	['host7']	['host13']	['host9']
1397	6783	382	22	254	['host3']	['host7']	['host13']	['host9']
1398	6783	382	18	254	['host3']	['host7']	['host13']	['host9']
1399	6789	84339172	173506801	38046	['host3']	['host7']	['host13']	['host9']
1400	6790	83369119	171446628	22364	['host3']	['host7']	['host13']	['host9']
1401	6791	4805	6661	1348	['host3']	['host7']	['host13']	['host9']
1402	6797	1628716959	45415	15518	['host3', 'host15', 'host4']	['host13']	['host9']	['host14']
1403	6799	1841	1555	378	['host3']	['host7']	['host13']	['host9']
1404	6799	25233	49240	9528	['host3']	['host7']	['host13']	['host9']
1405	6800	71811	142272	15576	['host3']	['host7']	['host13']	['host9']
1406	6801	329700	567516	262	['host3']	['host7']	['host13']	['host9']
1407	6802	11514	19968	5092	['host3']	['host7']	['host13']	['host9']
1408	6803	784797223	155	22	['host3', 'host15']	['host13']	['host9']	['host14']
1409	6805	7704	13217	2410	['host3']	['host7']	['host13']	['host9']
1410	6807	13596602263	11658381857	7114871	['host3', 'host15', 'host4']	['host13', 'host14', 'host12', 'host3', 'host8', 'host0', 'host15', 'host6', 'host7', 'host1', 'host5', 'host4', 'host10', 'host2', 'host9', 'host11']	['host1']	['host13']
1411	6821	3128089841	205564715	113975431	['host3', 'host15', 'host4']	['host13']	['host9']	['host14']
1412	6821	84439905	173879890	37767	['host3']	['host7']	['host13']	['host9']
1413	6823	2088	144	313	['host3']	['host7']	['host13']	['host9']
1414	6823	3128089841	181698992	107764696	['host3', 'host15', 'host4']	['host13']	['host9']	['host14']
1415	6824	3128089841	5438	1286	['host3', 'host15', 'host4']	['host13']	['host9']	['host14']
1416	6837	193810594	196013239	273	['host3']	['host7']	['host13']	['host9']
1417	6870	580	404	1342178148	['host3']	['host7']	['host13', 'host14', 'host12', 'host3', 'host8']	['host7']
1418	6873	3128089841	191812396	111226053	['host3', 'host15', 'host4']	['host13']	['host9']	['host14']
1419	6874	83056793	170855457	3652	['host3']	['host7']	['host13']	['host9']
1420	6874	3128089841	15289	1997	['host3', 'host15', 'host4']	['host13']	['host9']	['host14']
1421	6874	3128089841	285916	22875	['host3', 'host15', 'host4']	['host13']	['host9']	['host14']
1422	6875	3128089841	1694668	151268	['host3', 'host15', 'host4']	['host13']	['host9']	['host14']
1423	6876	3128089841	200262289	112763432	['host3', 'host15', 'host4']	['host13']	['host9']	['host14']
1424	6877	3128089841	188647638	110765009	['host3', 'host15', 'host4']	['host13']	['host9']	['host14']
1425	6877	3128089841	185092532	110646809	['host3', 'host15', 'host4']	['host13']	['host9']	['host14']
1426	6879	3128089841	89439	8295	['host3', 'host15', 'host4']	['host13']	['host9']	['host14']
1427	6885	3128089841	602351	49142	['host3', 'host15', 'host4']	['host13']	['host9']	['host14']
1428	6886	83552284	172348114	10922	['host3']	['host7']	['host13']	['host9']
1429	6887	3128089841	195161809	112210974	['host3', 'host15', 'host4']	['host13']	['host9']	['host14']
1430	6887	82944038	170752987	7801	['host3']	['host7']	['host13']	['host9']
1431	6888	3128089841	156487	14210	['host3', 'host15', 'host4']	['host13']	['host9']	['host14']
1432	6888	97126088	612	330	['host3']	['host7']	['host13']	['host9']
1433	6892	12595069940	1581	240	['host3', 'host15', 'host4']	['host13']	['host9']	['host14']
1434	6896	32320943602	7854	245	['host3', 'host15', 'host4']	['host13']	['host9']	['host14']
1435	6904	3257794381	873652	146633	['host3', 'host15', 'host4']	['host13']	['host9']	['host14']
1436	6909	84107534	173221402	29675	['host3']	['host7']	['host13']	['host9']
1437	6917	4233153	37	244	['host3']	['host7']	['host13']	['host9']
1438	6919	3128089841	186995843	111453117	['host3', 'host15', 'host4']	['host13']	['host9']	['host14']
1439	6920	102464610739	2059813919	641990945	['host3', 'host15', 'host4']	['host13', 'host14', 'host12', 'host3', 'host8', 'host0', 'host15']	['host2', 'host6']	['host14']
1440	6940	2720614228713	28773562874	30219358556	['host3', 'host15', 'host4']	['host13', 'host14', 'host12', 'host3', 'host8', 'host0', 'host15', 'host6', 'host7', 'host1', 'host5', 'host4', 'host10', 'host2', 'host9', 'host11']	['host1', 'host0', 'host13', 'host2', 'host4', 'host11', 'host12', 'host9', 'host7', 'host3', 'host14', 'host15', 'host10', 'host5', 'host8', 'host6']	['host1']
1441	6941	80837450	166019763	2304	['host3']	['host7']	['host13']	['host9']
1442	6946	580	386	1342178148	['host3']	['host7']	['host13', 'host14', 'host12', 'host3', 'host8']	['host7']
1443	6946	85474831	175639116	44309	['host3']	['host7']	['host13']	['host9']
1444	6949	2720614228713	61732858006	37080757411	['host3', 'host15', 'host4']	['host13', 'host14', 'host12', 'host3', 'host8', 'host0', 'host15', 'host6', 'host7', 'host1', 'host5', 'host4', 'host10', 'host2', 'host9', 'host11']	['host1', 'host0', 'host13', 'host2', 'host4', 'host11', 'host12', 'host9', 'host7', 'host3', 'host14', 'host15', 'host10', 'host5', 'host8', 'host6']	['host1']
1445	6956	897	326	178	['host3']	['host7']	['host13']	['host9']
1446	6972	205253	326937	95992	['host3']	['host7']	['host13']	['host9']
1447	6973	1516	1156	457	['host3']	['host7']	['host13']	['host9']
1448	6982	16706	31692	7683	['host3']	['host7']	['host13']	['host9']
1449	6985	4542968	11522360	4114030	['host3']	['host7']	['host13']	['host9']
1450	6986	3128089841	2980570	283805	['host3', 'host15', 'host4']	['host13']	['host9']	['host14']
1451	6987	6177	9229	1978	['host3']	['host7']	['host13']	['host9']
1452	6990	3128089841	207390846	114183904	['host3', 'host15', 'host4']	['host13']	['host9']	['host14']
1453	6992	3128089841	13354	2067	['host3', 'host15', 'host4']	['host13']	['host9']	['host14']
1454	6994	10410	18371	3193	['host3']	['host7']	['host13']	['host9']
1455	7001	268605118	35	248	['host3']	['host7']	['host13']	['host9']
1456	7020	36188	72134	12472	['host3']	['host7']	['host13']	['host9']
1457	7020	83442977	171633367	24965	['host3']	['host7']	['host13']	['host9']
1458	7025	710	79	368	['host3']	['host7']	['host13']	['host9']
1459	7026	3128089841	182441804	108038589	['host3', 'host15', 'host4']	['host13']	['host9']	['host14']
1460	7029	82999191	170919146	9071	['host3']	['host7']	['host13']	['host9']
1461	7032	84574772	174514717	38986	['host3']	['host7']	['host13']	['host9']
1462	7037	78426386362	115983035	1424188	['host3', 'host15', 'host4']	['host13']	['host9']	['host14']
1463	7040	83079375	170852681	4337	['host3']	['host7']	['host13']	['host9']
1464	7045	77302089315	111158020	1424845	['host3', 'host15', 'host4']	['host13']	['host9']	['host14']
1465	7047	78355250388	136979217	1422777	['host3', 'host15', 'host4']	['host13']	['host9']	['host14']
1466	7048	83536091926	149984407	1422963	['host3', 'host15', 'host4']	['host13']	['host9']	['host14']
1467	7049	64306595974	100079971	1422294	['host3', 'host15', 'host4']	['host13']	['host9']	['host14']
1468	7051	3128089841	305222	25507	['host3', 'host15', 'host4']	['host13']	['host9']	['host14']
1469	7051	73476471165	118358338	1422299	['host3', 'host15', 'host4']	['host13']	['host9']	['host14']
1470	7059	114219	227205	18744	['host3']	['host7']	['host13']	['host9']
1471	7074	85808475492	123078428	1424713	['host3', 'host15', 'host4']	['host13']	['host9']	['host14']
1472	7084	84140702	173379901	32308	['host3']	['host7']	['host13']	['host9']
1473	7093	892728	2470801	974642	['host3']	['host7']	['host13']	['host9']
1474	7094	656077587	1407604972	2865592	['host3', 'host15']	['host13', 'host14', 'host12', 'host3', 'host8']	['host7']	['host2']
1475	7097	32320943602	8092	247	['host3', 'host15', 'host4']	['host13']	['host9']	['host14']
1476	7112	14935502227	1804849	930497	['host3', 'host15', 'host4']	['host13']	['host9']	['host14']
1477	7123	6544	5621	2686	['host3']	['host7']	['host13']	['host9']
1478	7124	3128089841	98698	9944	['host3', 'host15', 'host4']	['host13']	['host9']	['host14']
1479	7125	3128089841	185860052	110778339	['host3', 'host15', 'host4']	['host13']	['host9']	['host14']
1480	7126	3128089841	188563647	111356754	['host3', 'host15', 'host4']	['host13']	['host9']	['host14']
1481	7127	3128089841	201568368	113086994	['host3', 'host15', 'host4']	['host13']	['host9']	['host14']
1482	7127	3128089841	1691470	157168	['host3', 'host15', 'host4']	['host13']	['host9']	['host14']
1483	7128	93775	82978	23741	['host3']	['host7']	['host13']	['host9']
1484	7129	3128089841	25546	3130	['host3', 'host15', 'host4']	['host13']	['host9']	['host14']
1485	7135	83572632	172509484	12123	['host3']	['host7']	['host13']	['host9']
1486	7136	5801493829	15683406024	3823065551	['host3', 'host15', 'host4']	['host13', 'host14', 'host12', 'host3', 'host8', 'host0', 'host15', 'host6', 'host7', 'host1', 'host5', 'host4', 'host10', 'host2', 'host9', 'host11']	['host1', 'host0', 'host13', 'host2', 'host4', 'host11', 'host12', 'host9', 'host7', 'host3', 'host14', 'host15', 'host10', 'host5']	['host12']
1487	7136	11963	11468	7261	['host3']	['host7']	['host13']	['host9']
1488	7137	764	36	191	['host3']	['host7']	['host13']	['host9']
1489	7141	506043	809176	82370	['host3']	['host7']	['host13']	['host9']
1490	7141	17544854628	6444080375	4431724057	['host3', 'host15', 'host4']	['host13', 'host14', 'host12', 'host3', 'host8', 'host0', 'host15', 'host6', 'host7', 'host1', 'host5', 'host4', 'host10', 'host2', 'host9', 'host11']	['host1', 'host0', 'host13', 'host2', 'host4', 'host11', 'host12', 'host9', 'host7', 'host3', 'host14', 'host15', 'host10', 'host5', 'host8', 'host6']	['host1']
1491	7146	580	404	1610613604	['host3']	['host7']	['host13', 'host14', 'host12', 'host3', 'host8', 'host0']	['host7']
1492	7146	53210307672	16997617044	11457523	['host3', 'host15', 'host4']	['host13', 'host14', 'host12', 'host3', 'host8', 'host0', 'host15', 'host6', 'host7', 'host1', 'host5', 'host4', 'host10', 'host2', 'host9', 'host11']	['host1']	['host13']
1493	7149	212956	442014	25947	['host3']	['host7']	['host13']	['host9']
1494	7151	3128089841	185307724	110886059	['host3', 'host15', 'host4']	['host13']	['host9']	['host14']
1495	7151	1569	1200	259	['host3']	['host7']	['host13']	['host9']
1496	7153	149546	307368	23508	['host3']	['host7']	['host13']	['host9']
1497	7169	3128089841	598541	51984	['host3', 'host15', 'host4']	['host13']	['host9']	['host14']
1498	7174	4233153	37	244	['host3']	['host7']	['host13']	['host9']
1499	7179	482196	693771	39804	['host3']	['host7']	['host13']	['host9']
1500	7183	3128089841	191852698	112532579	['host3', 'host15', 'host4']	['host13']	['host9']	['host14']
1501	7188	3128089841	191704880	111766770	['host3', 'host15', 'host4']	['host13']	['host9']	['host14']
1502	7193	3128089841	172254	16204	['host3', 'host15', 'host4']	['host13']	['host9']	['host14']
1503	7197	85660709	176065483	45195	['host3']	['host7']	['host13']	['host9']
1504	7198	7529	8840	3780	['host3']	['host7']	['host13']	['host9']
1505	7199	19290	35758	7884	['host3']	['host7']	['host13']	['host9']
1506	7204	506591767	10336526	106823	['host3']	['host7']	['host13']	['host9']
1507	7206	8876	8256	34014	['host3']	['host7']	['host13']	['host9']
1508	7242	9715286	30591502	8183954	['host3']	['host7']	['host13']	['host9']
1509	7253	749	437	1073742918	['host3']	['host7']	['host13', 'host14', 'host12', 'host3']	['host7']
1510	7259	3783544662	287872134	2849	['host3', 'host15', 'host4']	['host13']	['host9']	['host14']
1511	7260	4308984959	306662078	223248614	['host3', 'host15', 'host4']	['host13']	['host9']	['host14']
1512	7261	3137012	7047195	2434918	['host3']	['host7']	['host13']	['host9']
1513	7263	276827069	1319111856	176140495	['host3']	['host7', 'host4', 'host11', 'host14']	['host14']	['host11']
1514	7285	4233153	37	244	['host3']	['host7']	['host13']	['host9']
1515	7295	14340207	2848950	2049212	['host3']	['host7']	['host13']	['host9']
1516	7295	900	491	4294968603	['host3']	['host7']	['host13', 'host14', 'host12', 'host3', 'host8', 'host0', 'host15', 'host6', 'host7', 'host1', 'host5', 'host4', 'host10', 'host2', 'host9', 'host11']	['host1']
1517	7299	26600383	742752	340	['host3']	['host7']	['host13']	['host9']
1518	7299	26600383	3497338	377	['host3']	['host7']	['host13']	['host9']
1519	7300	26600383	3969888	370	['host3']	['host7']	['host13']	['host9']
1520	7300	26600383	288342	336	['host3']	['host7']	['host13']	['host9']
1521	7301	21137277	1601027	2462	['host3']	['host7']	['host13']	['host9']
1522	7302	26600383	1770712	358	['host3']	['host7']	['host13']	['host9']
1523	7308	78848759	40953615	460	['host3']	['host7']	['host13']	['host9']
1524	7313	1783627606	360111	105028	['host3', 'host15', 'host4']	['host13']	['host9']	['host14']
1525	7318	2729953	458040	421	['host3']	['host7']	['host13']	['host9']
1526	7321	641117	8178886	698457	['host3']	['host7']	['host13']	['host9']
1527	7324	1074918	5301217	701676	['host3']	['host7']	['host13']	['host9']
1528	7332	397966080	2444114704	378699580	['host3']	['host7', 'host4', 'host11', 'host14', 'host12', 'host3', 'host0', 'host15', 'host6']	['host8']	['host14']
1529	7349	3783544662	21692417	1564	['host3', 'host15', 'host4']	['host13']	['host9']	['host14']
1530	7367	29071	13258	88358487393	['host3']	['host7']	['host13', 'host14', 'host12', 'host3', 'host8', 'host0', 'host15', 'host6', 'host7', 'host1', 'host5', 'host4', 'host10', 'host2', 'host9', 'host11']	['host1']
1531	7378	21044241002	60641357139	14466711865	['host3', 'host15', 'host4']	['host13', 'host14', 'host12', 'host3', 'host8', 'host0', 'host15', 'host6', 'host7', 'host1', 'host5', 'host4', 'host10', 'host2', 'host9', 'host11']	['host1', 'host0', 'host13', 'host2', 'host4', 'host11', 'host12', 'host9', 'host7', 'host3', 'host14', 'host15', 'host10', 'host5', 'host8', 'host6']	['host1']
1532	7385	2698076	18	385	['host3']	['host7']	['host13']	['host9']
1533	7391	2738	2785	1505	['host3']	['host7']	['host13']	['host9']
1534	7395	166188052	783440363	145206317	['host3']	['host7', 'host4']	['host13']	['host9']
1535	7401	2587689895	5926782245	2090351466	['host3', 'host15', 'host4']	['host13', 'host14', 'host12', 'host3', 'host8', 'host0', 'host15', 'host6', 'host7', 'host1', 'host5', 'host4', 'host10', 'host2', 'host9', 'host11']	['host1', 'host0', 'host13', 'host2', 'host4', 'host11', 'host12']	['host3']
1536	7436	3786658493	6317611	245	['host3', 'host15', 'host4']	['host13']	['host9']	['host14']
1537	7441	94079713	688	366	['host3']	['host7']	['host13']	['host9']
1538	7451	749	442	1073742918	['host3']	['host7']	['host13', 'host14', 'host12', 'host3']	['host7']
1539	7451	360	1536	32512	['host3']	['host7']	['host13']	['host9']
1540	7459	179969298	525641484	117309869	['host3']	['host7']	['host13']	['host9']
1541	7460	491348300	2130135015	303834665	['host3']	['host7', 'host4', 'host11', 'host14', 'host12', 'host3', 'host0']	['host7']	['host2']
1542	7462	1276213389	1521772231	794520190	['host3', 'host15', 'host4']	['host13', 'host14', 'host12', 'host3', 'host8']	['host7', 'host4']	['host2']
1543	7472	75623579	600351373	75324082	['host3']	['host7', 'host4']	['host13']	['host9']
1544	7485	7193	3288	1990	['host3']	['host7']	['host13']	['host9']
1545	7487	3318	1625	1315	['host3']	['host7']	['host13']	['host9']
1546	7490	900	492	5368710427	['host3']	['host7']	['host13', 'host14', 'host12', 'host3', 'host8', 'host0', 'host15', 'host6', 'host7', 'host1', 'host5', 'host4', 'host10', 'host2', 'host9', 'host11']	['host1']
1547	7491	102672689231	168782438	245	['host3', 'host15', 'host4']	['host13']	['host9']	['host14']
1548	7519	3742334078	8172995900	2250187847	['host3', 'host15', 'host4']	['host13', 'host14', 'host12', 'host3', 'host8', 'host0', 'host15', 'host6', 'host7', 'host1', 'host5', 'host4', 'host10', 'host2', 'host9', 'host11']	['host1', 'host0', 'host13', 'host2', 'host4', 'host11', 'host12', 'host9']	['host5']
1549	7523	4233153	37	244	['host3']	['host7']	['host13']	['host9']
1550	7526	30417	4110	32689	['host3']	['host7']	['host13']	['host9']
1551	7529	5879954250	616098743	257	['host3', 'host15', 'host4']	['host13', 'host14']	['host14']	['host11']
1552	7547	3989	1977	4363	['host3']	['host7']	['host13']	['host9']
1553	7557	2776555890440	195983277	1460123	['host3', 'host15', 'host4']	['host13']	['host9']	['host14']
1554	7558	21137277	1600780	2462	['host3']	['host7']	['host13']	['host9']
1555	7558	187349067	31295355	401	['host3']	['host7']	['host13']	['host9']
1556	7558	182844611	6314468	376	['host3']	['host7']	['host13']	['host9']
1557	7560	182844611	2698225	369	['host3']	['host7']	['host13']	['host9']
1558	7560	188329224	27511223	414	['host3']	['host7']	['host13']	['host9']
1559	7560	180835917	13518427	379	['host3']	['host7']	['host13']	['host9']
1560	7571	27883	12866	752027932901	['host3']	['host7']	['host13', 'host14', 'host12', 'host3', 'host8', 'host0', 'host15', 'host6', 'host7', 'host1', 'host5', 'host4', 'host10', 'host2', 'host9', 'host11']	['host1']
1561	7595	16603741	4396264	1358	['host3']	['host7']	['host13']	['host9']
1562	7598	21379583	18	416	['host3']	['host7']	['host13']	['host9']
1563	7622	15108217544	41702511931	20844031873	['host3', 'host15', 'host4']	['host13', 'host14', 'host12', 'host3', 'host8', 'host0', 'host15', 'host6', 'host7', 'host1', 'host5', 'host4', 'host10', 'host2', 'host9', 'host11']	['host1', 'host0', 'host13', 'host2', 'host4', 'host11', 'host12', 'host9', 'host7', 'host3', 'host14', 'host15', 'host10', 'host5', 'host8', 'host6']	['host1']
1564	7634	26600383	3554207	425	['host3']	['host7']	['host13']	['host9']
1565	7635	26600383	284846	281	['host3']	['host7']	['host13']	['host9']
1566	7635	2729160	452066	401	['host3']	['host7']	['host13']	['host9']
1567	7636	26600383	743357	284	['host3']	['host7']	['host13']	['host9']
1568	7648	1424106816	2808332492	1244131487	['host3', 'host15', 'host4']	['host13', 'host14', 'host12', 'host3', 'host8', 'host0', 'host15', 'host6', 'host7', 'host1']	['host14', 'host11', 'host15', 'host4']	['host1']
1569	7654	749	420	1073742918	['host3']	['host7']	['host13', 'host14', 'host12', 'host3']	['host7']
1570	7659	10111106046	30013035134	6358985497	['host3', 'host15', 'host4']	['host13', 'host14', 'host12', 'host3', 'host8', 'host0', 'host15', 'host6', 'host7', 'host1', 'host5', 'host4', 'host10', 'host2', 'host9', 'host11']	['host1', 'host0', 'host13', 'host2', 'host4', 'host11', 'host12', 'host9', 'host7', 'host3', 'host14', 'host15', 'host10', 'host5', 'host8', 'host6']	['host1']
1571	7662	1015733363	304790116	664318510	['host3', 'host15', 'host4']	['host13']	['host9', 'host14']	['host11']
1572	7666	53463049928	56857286549	1938093825	['host3', 'host15', 'host4']	['host13', 'host14', 'host12', 'host3', 'host8', 'host0', 'host15', 'host6', 'host7', 'host1', 'host5', 'host4', 'host10', 'host2', 'host9', 'host11']	['host1', 'host0', 'host13', 'host2', 'host4', 'host11', 'host12']	['host3']
1573	7672	26600383	1774283	405	['host3']	['host7']	['host13']	['host9']
1574	7679	26600383	4008726	418	['host3']	['host7']	['host13']	['host9']
1575	7693	1035557292	631536084	4063319	['host3', 'host15', 'host4']	['host13', 'host14']	['host14']	['host11']
1576	7693	12729471180	802116904	808869025	['host3', 'host15', 'host4']	['host13', 'host14']	['host14', 'host3', 'host8']	['host7']
1577	7693	2133811871	8139711390	4689061766	['host3', 'host15', 'host4']	['host13', 'host14', 'host12', 'host3', 'host8', 'host0', 'host15', 'host6', 'host7', 'host1', 'host5', 'host4', 'host10', 'host2', 'host9', 'host11']	['host1', 'host0', 'host13', 'host2', 'host4', 'host11', 'host12', 'host9', 'host7', 'host3', 'host14', 'host15', 'host10', 'host5', 'host8', 'host6']	['host1']
1578	7696	54486686	69489592	43656405	['host3']	['host7']	['host13']	['host9']
1579	7697	10473822866	4357810195	3001239997	['host3', 'host15', 'host4']	['host13', 'host14', 'host12', 'host3', 'host8', 'host0', 'host15', 'host6', 'host7', 'host1', 'host5', 'host4', 'host10', 'host2', 'host9', 'host11']	['host1', 'host0', 'host13', 'host2', 'host4', 'host11', 'host12', 'host9', 'host7', 'host3', 'host14']	['host2']
1580	7699	1538962918	1875499650	804709927	['host3', 'host15', 'host4']	['host13', 'host14', 'host12', 'host3', 'host8', 'host0']	['host7', 'host4']	['host2']
1581	7700	2787016	18	420	['host3']	['host7']	['host13']	['host9']
1582	7707	8319	4700	2761	['host3']	['host7']	['host13']	['host9']
1583	7709	241274216471	7131276638	2669884541	['host3', 'host15', 'host4']	['host13', 'host14', 'host12', 'host3', 'host8', 'host0', 'host15', 'host6', 'host7', 'host1', 'host5', 'host4', 'host10', 'host2', 'host9', 'host11']	['host1', 'host0', 'host13', 'host2', 'host4', 'host11', 'host12', 'host9', 'host7']	['host8']
1584	7721	5879954250	1314391458	60531947	['host3', 'host15', 'host4']	['host13', 'host14', 'host12', 'host3']	['host7']	['host2']
1585	7726	900	480	5368710427	['host3']	['host7']	['host13', 'host14', 'host12', 'host3', 'host8', 'host0', 'host15', 'host6', 'host7', 'host1', 'host5', 'host4', 'host10', 'host2', 'host9', 'host11']	['host1']
1586	7738	4510	1393	980	['host3']	['host7']	['host13']	['host9']
1587	7739	163202216	509663915	133855531	['host3']	['host7']	['host13']	['host9']
1588	7744	351167492	1744104075	304721797	['host3']	['host7', 'host4', 'host11', 'host14', 'host12', 'host3']	['host7']	['host2']
1589	7745	7482520	20575554	6823682	['host3']	['host7']	['host13']	['host9']
1590	7751	453892245676	27343645172	6111929862	['host3', 'host15', 'host4']	['host13', 'host14', 'host12', 'host3', 'host8', 'host0', 'host15', 'host6', 'host7', 'host1', 'host5', 'host4', 'host10', 'host2', 'host9', 'host11']	['host1', 'host0', 'host13', 'host2', 'host4', 'host11', 'host12', 'host9', 'host7', 'host3', 'host14', 'host15', 'host10', 'host5', 'host8', 'host6']	['host1']
1591	7753	454784487790	26908664045	5820497381	['host3', 'host15', 'host4']	['host13', 'host14', 'host12', 'host3', 'host8', 'host0', 'host15', 'host6', 'host7', 'host1', 'host5', 'host4', 'host10', 'host2', 'host9', 'host11']	['host1', 'host0', 'host13', 'host2', 'host4', 'host11', 'host12', 'host9', 'host7', 'host3', 'host14', 'host15', 'host10', 'host5', 'host8', 'host6']	['host1']
1592	7763	4233153	37	244	['host3']	['host7']	['host13']	['host9']
1593	7779	491792407888	30357662559	6629075756	['host3', 'host15', 'host4']	['host13', 'host14', 'host12', 'host3', 'host8', 'host0', 'host15', 'host6', 'host7', 'host1', 'host5', 'host4', 'host10', 'host2', 'host9', 'host11']	['host1', 'host0', 'host13', 'host2', 'host4', 'host11', 'host12', 'host9', 'host7', 'host3', 'host14', 'host15', 'host10', 'host5', 'host8', 'host6']	['host1']
1594	7780	467319265216	29795989303	6729150463	['host3', 'host15', 'host4']	['host13', 'host14', 'host12', 'host3', 'host8', 'host0', 'host15', 'host6', 'host7', 'host1', 'host5', 'host4', 'host10', 'host2', 'host9', 'host11']	['host1', 'host0', 'host13', 'host2', 'host4', 'host11', 'host12', 'host9', 'host7', 'host3', 'host14', 'host15', 'host10', 'host5', 'host8', 'host6']	['host1']
1595	7794	21137277	830983	2462	['host3']	['host7']	['host13']	['host9']
1596	7796	725978853	8814666	714	['host3', 'host15']	['host13']	['host9']	['host14']
1597	7797	731463466	97249012	810	['host3', 'host15']	['host13']	['host9']	['host14']
1598	7798	725978853	24528512	736	['host3', 'host15']	['host13']	['host9']	['host14']
1599	7798	723970159	49163404	749	['host3', 'host15']	['host13']	['host9']	['host14']
1600	7799	730483309	115613901	789	['host3', 'host15']	['host13']	['host9']	['host14']
1601	7808	486008915631	30347257657	6918373052	['host3', 'host15', 'host4']	['host13', 'host14', 'host12', 'host3', 'host8', 'host0', 'host15', 'host6', 'host7', 'host1', 'host5', 'host4', 'host10', 'host2', 'host9', 'host11']	['host1', 'host0', 'host13', 'host2', 'host4', 'host11', 'host12', 'host9', 'host7', 'host3', 'host14', 'host15', 'host10', 'host5', 'host8', 'host6']	['host1']
1602	7810	501698832451	29088529522	6677055427	['host3', 'host15', 'host4']	['host13', 'host14', 'host12', 'host3', 'host8', 'host0', 'host15', 'host6', 'host7', 'host1', 'host5', 'host4', 'host10', 'host2', 'host9', 'host11']	['host1', 'host0', 'host13', 'host2', 'host4', 'host11', 'host12', 'host9', 'host7', 'host3', 'host14', 'host15', 'host10', 'host5', 'host8', 'host6']	['host1']
1603	7817	182825606	7580118	284	['host3']	['host7']	['host13']	['host9']
1604	7817	16624449	3776581	519	['host3']	['host7']	['host13']	['host9']
1605	7819	182825606	2499044	284	['host3']	['host7']	['host13']	['host9']
1606	7820	188310219	28037898	430	['host3']	['host7']	['host13']	['host9']
1607	7854	73918578	14517089	1943	['host3']	['host7']	['host13']	['host9']
1608	7856	180816912	13958805	411	['host3']	['host7']	['host13']	['host9']
1609	7869	72587405	36620185	522	['host3']	['host7']	['host13']	['host9']
1610	7883	749	438	1073742918	['host3']	['host7']	['host13', 'host14', 'host12', 'host3']	['host7']
1611	7890	187330062	33339409	424	['host3']	['host7']	['host13']	['host9']
1612	7892	5879954250	1103256466	28116885	['host3', 'host15', 'host4']	['host13', 'host14', 'host12', 'host3']	['host7']	['host2']
1613	7913	22812922	18	431	['host3']	['host7']	['host13']	['host9']
1614	7917	55484849	90744561	69813	['host3']	['host7']	['host13']	['host9']
1615	7918	52413921145	66066354657	4694859	['host3', 'host15', 'host4']	['host13', 'host14', 'host12', 'host3', 'host8', 'host0', 'host15', 'host6', 'host7', 'host1', 'host5', 'host4', 'host10', 'host2', 'host9', 'host11']	['host1']	['host13']
1616	7938	2617541892	112619628	1546969	['host3', 'host15', 'host4']	['host13']	['host9']	['host14']
1617	7958	900	486	5368710427	['host3']	['host7']	['host13', 'host14', 'host12', 'host3', 'host8', 'host0', 'host15', 'host6', 'host7', 'host1', 'host5', 'host4', 'host10', 'host2', 'host9', 'host11']	['host1']
1618	7968	21622949	8993120	8262215	['host3']	['host7']	['host13']	['host9']
1619	7985	7704	6334	3292	['host3']	['host7']	['host13']	['host9']
1620	7987	4659	1554	1105	['host3']	['host7']	['host13']	['host9']
1621	7998	148700826858	27338349659	155638133	['host3', 'host15', 'host4']	['host13', 'host14', 'host12', 'host3', 'host8', 'host0', 'host15', 'host6', 'host7', 'host1', 'host5', 'host4', 'host10', 'host2', 'host9', 'host11']	['host1']	['host13']
1622	8001	4233153	37	244	['host3']	['host7']	['host13']	['host9']
1623	8003	242846	274386	110361	['host3']	['host7']	['host13']	['host9']
1624	8026	7777746	220091	93277	['host3']	['host7']	['host13']	['host9']
1625	8031	94703133	5921968	493	['host3']	['host7']	['host13']	['host9']
1626	8033	74082030271	13376240576	3369395500	['host3', 'host15', 'host4']	['host13', 'host14', 'host12', 'host3', 'host8', 'host0', 'host15', 'host6', 'host7', 'host1', 'host5', 'host4', 'host10', 'host2', 'host9', 'host11']	['host1', 'host0', 'host13', 'host2', 'host4', 'host11', 'host12', 'host9', 'host7', 'host3', 'host14', 'host15']	['host5']
1627	8041	8619	12982	34025	['host3']	['host7']	['host13']	['host9']
1628	8069	731444461	100829011	728	['host3', 'host15']	['host13']	['host9']	['host14']
1629	8069	725959848	25057995	550	['host3', 'host15']	['host13']	['host9']	['host14']
1630	8070	725959848	9039445	549	['host3', 'host15']	['host13']	['host9']	['host14']
1631	8071	74540377	15409147	661	['host3']	['host7']	['host13']	['host9']
1632	8093	6235997235	6321731076	4159907295	['host3', 'host15', 'host4']	['host13', 'host14', 'host12', 'host3', 'host8', 'host0', 'host15', 'host6', 'host7', 'host1', 'host5', 'host4', 'host10', 'host2', 'host9', 'host11']	['host1', 'host0', 'host13', 'host2', 'host4', 'host11', 'host12', 'host9', 'host7', 'host3', 'host14', 'host15', 'host10', 'host5', 'host8']	['host10']
1633	8106	723951154	49779029	695	['host3', 'host15']	['host13']	['host9']	['host14']
1634	8110	749	436	1073742918	['host3']	['host7']	['host13', 'host14', 'host12', 'host3']	['host7']
1635	8115	27641110226	89967740024	29707791887	['host3', 'host15', 'host4']	['host13', 'host14', 'host12', 'host3', 'host8', 'host0', 'host15', 'host6', 'host7', 'host1', 'host5', 'host4', 'host10', 'host2', 'host9', 'host11']	['host1', 'host0', 'host13', 'host2', 'host4', 'host11', 'host12', 'host9', 'host7', 'host3', 'host14', 'host15', 'host10', 'host5', 'host8', 'host6']	['host1']
1636	8127	25774433	42251993	63230	['host3']	['host7']	['host13']	['host9']
1637	8130	23415957	271975	359	['host3']	['host7']	['host13']	['host9']
1638	8130	17949045	705979	2391	['host3']	['host7']	['host13']	['host9']
1639	8131	23415957	3097038	395	['host3']	['host7']	['host13']	['host9']
1640	8133	23415957	3509265	383	['host3']	['host7']	['host13']	['host9']
1641	8133	23415957	1591557	371	['host3']	['host7']	['host13']	['host9']
1642	8134	23415957	719258	365	['host3']	['host7']	['host13']	['host9']
1643	8138	730464304	120080900	718	['host3', 'host15']	['host13']	['host9']	['host14']
1644	8154	2460521	18	401	['host3']	['host7']	['host13']	['host9']
1645	8155	1133737	381851	429	['host3']	['host7']	['host13']	['host9']
1646	8177	1803223091	390900	106725	['host3', 'host15', 'host4']	['host13']	['host9']	['host14']
1647	8183	900	489	4294968603	['host3']	['host7']	['host13', 'host14', 'host12', 'host3', 'host8', 'host0', 'host15', 'host6', 'host7', 'host1', 'host5', 'host4', 'host10', 'host2', 'host9', 'host11']	['host1']
1648	8193	7238	3408	2060	['host3']	['host7']	['host13']	['host9']
1649	8202	78309085	40094111	454	['host3']	['host7']	['host13']	['host9']
1650	8207	2776555890440	438842304	3681679	['host3', 'host15', 'host4']	['host13']	['host9']	['host14']
1651	8210	19023691	11030211	4291895	['host3']	['host7']	['host13']	['host9']
1652	8244	14233089	1775	958	['host3']	['host7']	['host13']	['host9']
1653	8244	13909737322	8738483774	5962789889	['host3', 'host15', 'host4']	['host13', 'host14', 'host12', 'host3', 'host8', 'host0', 'host15', 'host6', 'host7', 'host1', 'host5', 'host4', 'host10', 'host2', 'host9', 'host11']	['host1', 'host0', 'host13', 'host2', 'host4', 'host11', 'host12', 'host9', 'host7', 'host3', 'host14', 'host15', 'host10', 'host5', 'host8', 'host6']	['host1']
1654	8244	4233153	37	244	['host3']	['host7']	['host13']	['host9']
1655	8263	5158	3182	1726	['host3']	['host7']	['host13']	['host9']
1656	8265	17949045	1364124	2391	['host3']	['host7']	['host13']	['host9']
1657	8266	191237184	28239271	427	['host3']	['host7']	['host13']	['host9']
1658	8268	185752571	7170863	396	['host3']	['host7']	['host13']	['host9']
1659	8268	185752571	2456345	384	['host3']	['host7']	['host13']	['host9']
1660	8269	190257027	33411623	419	['host3']	['host7']	['host13']	['host9']
1661	8270	183743877	14159510	393	['host3']	['host7']	['host13']	['host9']
1662	8287	1477353344	629367997	452319321	['host3', 'host15', 'host4']	['host13', 'host14']	['host14']	['host11']
1663	8289	154260577196	2954094602	2230526	['host3', 'host15', 'host4']	['host13', 'host14', 'host12', 'host3', 'host8', 'host0', 'host15', 'host6', 'host7', 'host1', 'host5']	['host13']	['host7']
1664	8297	16467366	3770983	1284	['host3']	['host7']	['host13']	['host9']
1665	8300	22681115	18	428	['host3']	['host7']	['host13']	['host9']
1666	8322	749	433	1073742918	['host3']	['host7']	['host13', 'host14', 'host12', 'host3']	['host7']
1667	8322	3373	1890	1304	['host3']	['host7']	['host13']	['host9']
1668	8327	406505157	2586	1513	['host3']	['host7']	['host13']	['host9']
1669	8337	119606700057	50259836917	49099917729	['host3', 'host15', 'host4']	['host13', 'host14', 'host12', 'host3', 'host8', 'host0', 'host15', 'host6', 'host7', 'host1', 'host5', 'host4', 'host10', 'host2', 'host9', 'host11']	['host1', 'host0', 'host13', 'host2', 'host4', 'host11', 'host12', 'host9', 'host7', 'host3', 'host14', 'host15', 'host10', 'host5', 'host8', 'host6']	['host1']
1670	8377	900	481	4294968603	['host3']	['host7']	['host13', 'host14', 'host12', 'host3', 'host8', 'host0', 'host15', 'host6', 'host7', 'host1', 'host5', 'host4', 'host10', 'host2', 'host9', 'host11']	['host1']
1671	8380	8266	4689	2752	['host3']	['host7']	['host13']	['host9']
1672	8382	3965	2668	4462	['host3']	['host7']	['host13']	['host9']
1673	8440	125307710	160412487	71134469	['host3']	['host7']	['host13']	['host9']
1674	8441	1392976	842188	395953	['host3']	['host7']	['host13']	['host9']
1675	8447	29874759137	10377774885	98705844	['host3', 'host15', 'host4']	['host13', 'host14', 'host12', 'host3', 'host8', 'host0', 'host15', 'host6', 'host7', 'host1', 'host5', 'host4', 'host10', 'host2', 'host9', 'host11']	['host1']	['host13']
1676	8453	1128917	377342	398	['host3']	['host7']	['host13']	['host9']
1677	8454	23415957	3151596	402	['host3']	['host7']	['host13']	['host9']
1678	8455	23415957	269042	281	['host3']	['host7']	['host13']	['host9']
1679	8455	23415957	721579	284	['host3']	['host7']	['host13']	['host9']
1680	8458	17949045	1364124	2391	['host3']	['host7']	['host13']	['host9']
1681	8460	719747525	49089540	751	['host3', 'host15']	['host13']	['host9']	['host14']
1682	8460	721756219	24273587	751	['host3', 'host15']	['host13']	['host9']	['host14']
1683	8461	726260675	112683821	788	['host3', 'host15']	['host13']	['host9']	['host14']
1684	8461	721756219	8857312	726	['host3', 'host15']	['host13']	['host9']	['host14']
1685	8462	727240832	96129694	811	['host3', 'host15']	['host13']	['host9']	['host14']
1686	8465	23415957	1595812	385	['host3']	['host7']	['host13']	['host9']
1687	8468	3871132717	1607081764	1248011947	['host3', 'host15', 'host4']	['host13', 'host14', 'host12', 'host3', 'host8']	['host7', 'host4', 'host2', 'host6']	['host8']
1688	8483	4233153	37	244	['host3']	['host7']	['host13']	['host9']
1689	8491	23415957	3544167	400	['host3']	['host7']	['host13']	['host9']
1690	8497	2547817	18	399	['host3']	['host7']	['host13']	['host9']
1691	8497	72746778	15140135	1904	['host3']	['host7']	['host13']	['host9']
1692	8501	749	436	1073742918	['host3']	['host7']	['host13', 'host14', 'host12', 'host3']	['host7']
1693	8536	4425	1284	948	['host3']	['host7']	['host13']	['host9']
1694	8547	62939241	457173	6803	['host3']	['host7']	['host13']	['host9']
1695	8550	10217024425	36022566858	3005896556	['host3', 'host15', 'host4']	['host13', 'host14', 'host12', 'host3', 'host8', 'host0', 'host15', 'host6', 'host7', 'host1', 'host5', 'host4', 'host10', 'host2', 'host9', 'host11']	['host1', 'host0', 'host13', 'host2', 'host4', 'host11', 'host12', 'host9', 'host7', 'host3', 'host14']	['host2']
1696	8552	900	475	4294968603	['host3']	['host7']	['host13', 'host14', 'host12', 'host3', 'host8', 'host0', 'host15', 'host6', 'host7', 'host1', 'host5', 'host4', 'host10', 'host2', 'host9', 'host11']	['host1']
1697	8552	2132719	619650	566032	['host3']	['host7']	['host13']	['host9']
1698	8557	72719225	36396663	524	['host3']	['host7']	['host13']	['host9']
1699	8596	15513677945	6095594258	6058140926	['host3', 'host15', 'host4']	['host13', 'host14', 'host12', 'host3', 'host8', 'host0', 'host15', 'host6', 'host7', 'host1', 'host5', 'host4', 'host10', 'host2', 'host9', 'host11']	['host1', 'host0', 'host13', 'host2', 'host4', 'host11', 'host12', 'host9', 'host7', 'host3', 'host14', 'host15', 'host10', 'host5', 'host8', 'host6']	['host1']
1700	8600	5871172184	2024528190	1861231692	['host3', 'host15', 'host4']	['host13', 'host14', 'host12', 'host3', 'host8', 'host0', 'host15']	['host2', 'host6', 'host4', 'host14', 'host11', 'host15']	['host1']
1701	8604	11891721848	4298763674	4066965832	['host3', 'host15', 'host4']	['host13', 'host14', 'host12', 'host3', 'host8', 'host0', 'host15', 'host6', 'host7', 'host1', 'host5', 'host4', 'host10', 'host2', 'host9', 'host11']	['host1', 'host0', 'host13', 'host2', 'host4', 'host11', 'host12', 'host9', 'host7', 'host3', 'host14', 'host15', 'host10', 'host5', 'host8']	['host10']
1702	8605	6799073350	6751088109	4575178487	['host3', 'host15', 'host4']	['host13', 'host14', 'host12', 'host3', 'host8', 'host0', 'host15', 'host6', 'host7', 'host1', 'host5', 'host4', 'host10', 'host2', 'host9', 'host11']	['host1', 'host0', 'host13', 'host2', 'host4', 'host11', 'host12', 'host9', 'host7', 'host3', 'host14', 'host15', 'host10', 'host5', 'host8', 'host6']	['host1']
1703	8605	185733566	7177384	284	['host3']	['host7']	['host13']	['host9']
1704	8606	191218179	28389535	433	['host3']	['host7']	['host13']	['host9']
1705	8608	185733566	2705553	284	['host3']	['host7']	['host13']	['host9']
1706	8608	16476486	4980791	530	['host3']	['host7']	['host13']	['host9']
1707	8610	6705107790	6676545693	4519405109	['host3', 'host15', 'host4']	['host13', 'host14', 'host12', 'host3', 'host8', 'host0', 'host15', 'host6', 'host7', 'host1', 'host5', 'host4', 'host10', 'host2', 'host9', 'host11']	['host1', 'host0', 'host13', 'host2', 'host4', 'host11', 'host12', 'host9', 'host7', 'host3', 'host14', 'host15', 'host10', 'host5', 'host8', 'host6']	['host1']
1708	8612	29883139794	10112276784	2305889167	['host3', 'host15', 'host4']	['host13', 'host14', 'host12', 'host3', 'host8', 'host0', 'host15', 'host6', 'host7', 'host1', 'host5', 'host4', 'host10', 'host2', 'host9', 'host11']	['host1', 'host0', 'host13', 'host2', 'host4', 'host11', 'host12', 'host9']	['host5']
1709	8614	181430152	184443449	246	['host3']	['host7']	['host13']	['host9']
1710	8639	183724872	13511453	412	['host3']	['host7']	['host13']	['host9']
1711	8675	190238022	31799282	427	['host3']	['host7']	['host13']	['host9']
1712	8678	7503	6281	3264	['host3']	['host7']	['host13']	['host9']
1713	8682	22424873	18	431	['host3']	['host7']	['host13']	['host9']
1714	8724	4233153	37	244	['host3']	['host7']	['host13']	['host9']
1715	8735	8335286	1150095	244	['host3']	['host7']	['host13']	['host9']
1716	8746	8652	13107	34021	['host3']	['host7']	['host13']	['host9']
1717	8750	749	434	1073742918	['host3']	['host7']	['host13', 'host14', 'host12', 'host3']	['host7']
1718	8785	4677	1577	1111	['host3']	['host7']	['host13']	['host9']
1719	8794	183823063	223938414	102369	['host3']	['host7']	['host13']	['host9']
1720	8804	900	489	5368710427	['host3']	['host7']	['host13', 'host14', 'host12', 'host3', 'host8', 'host0', 'host15', 'host6', 'host7', 'host1', 'host5', 'host4', 'host10', 'host2', 'host9', 'host11']	['host1']
1721	8807	2223327	2992517	1997	['host3']	['host7']	['host13']	['host9']
1722	8824	21414951	1345296	364	['host3']	['host7']	['host13']	['host9']
1723	8824	21414951	456544	360	['host3']	['host7']	['host13']	['host9']
1724	8825	24223272	721599	2439	['host3']	['host7']	['host13']	['host9']
1725	8825	22743010	4833421	401	['host3']	['host7']	['host13']	['host9']
1726	8826	22505124	5300474	392	['host3']	['host7']	['host13']	['host9']
1727	8827	20868990	1060871	378	['host3']	['host7']	['host13']	['host9']
1728	8845	4341755	655771	675	['host3']	['host7']	['host13']	['host9']
1729	8849	1808583	4359783	408	['host3']	['host7']	['host13']	['host9']
1730	8851	6941433822	6968499214	4711291788	['host3', 'host15', 'host4']	['host13', 'host14', 'host12', 'host3', 'host8', 'host0', 'host15', 'host6', 'host7', 'host1', 'host5', 'host4', 'host10', 'host2', 'host9', 'host11']	['host1', 'host0', 'host13', 'host2', 'host4', 'host11', 'host12', 'host9', 'host7', 'host3', 'host14', 'host15', 'host10', 'host5', 'host8', 'host6']	['host1']
1731	8858	721737214	25585758	550	['host3', 'host15']	['host13']	['host9']	['host14']
1732	8858	721737214	8802597	549	['host3', 'host15']	['host13']	['host9']	['host14']
1733	8859	727221827	100158400	728	['host3', 'host15']	['host13']	['host9']	['host14']
1734	8860	73328640	15609925	676	['host3']	['host7']	['host13']	['host9']
1735	8883	719728520	49912760	695	['host3', 'host15']	['host13']	['host9']	['host14']
1736	8887	7561	3802	2240	['host3']	['host7']	['host13']	['host9']
1737	8888	17289912	101472592	48430541	['host3']	['host7']	['host13']	['host9']
1738	8897	268979	276336	95104	['host3']	['host7']	['host13']	['host9']
1739	8903	726241670	118857643	716	['host3', 'host15']	['host13']	['host9']	['host14']
1740	8909	6750190006	6705764620	4539990979	['host3', 'host15', 'host4']	['host13', 'host14', 'host12', 'host3', 'host8', 'host0', 'host15', 'host6', 'host7', 'host1', 'host5', 'host4', 'host10', 'host2', 'host9', 'host11']	['host1', 'host0', 'host13', 'host2', 'host4', 'host11', 'host12', 'host9', 'host7', 'host3', 'host14', 'host15', 'host10', 'host5', 'host8', 'host6']	['host1']
1741	8915	8017885	218759	92406	['host3']	['host7']	['host13']	['host9']
1742	8927	97062160	58283	462	['host3']	['host7']	['host13']	['host9']
1743	8943	187921897	26021675	444	['host3']	['host7']	['host13']	['host9']
1744	8943	183986043	2686325	408	['host3']	['host7']	['host13']	['host9']
1745	8944	183986043	6233764	414	['host3']	['host7']	['host13']	['host9']
1746	8945	182334328	12556688	415	['host3']	['host7']	['host13']	['host9']
1747	8945	24223272	1835954	2439	['host3']	['host7']	['host13']	['host9']
1748	8946	187214305	29404599	433	['host3']	['host7']	['host13']	['host9']
1749	8956	52416136702	66054600104	8358976	['host3', 'host15', 'host4']	['host13', 'host14', 'host12', 'host3', 'host8', 'host0', 'host15', 'host6', 'host7', 'host1', 'host5', 'host4', 'host10', 'host2', 'host9', 'host11']	['host1']	['host13']
1750	8963	749	437	1073742918	['host3']	['host7']	['host13', 'host14', 'host12', 'host3']	['host7']
1751	8965	4233153	37	244	['host3']	['host7']	['host13']	['host9']
1752	8968	17054545	3661193	1264	['host3']	['host7']	['host13']	['host9']
1753	8970	21748828	18	447	['host3']	['host7']	['host13']	['host9']
1754	8974	10640898044	37351020065	21886378028	['host3', 'host15', 'host4']	['host13', 'host14', 'host12', 'host3', 'host8', 'host0', 'host15', 'host6', 'host7', 'host1', 'host5', 'host4', 'host10', 'host2', 'host9', 'host11']	['host1', 'host0', 'host13', 'host2', 'host4', 'host11', 'host12', 'host9', 'host7', 'host3', 'host14', 'host15', 'host10', 'host5', 'host8', 'host6']	['host1']
1755	8978	78780991	39881166	454	['host3']	['host7']	['host13']	['host9']
1756	8984	84128220599	25358840918	26861980980	['host3', 'host15', 'host4']	['host13', 'host14', 'host12', 'host3', 'host8', 'host0', 'host15', 'host6', 'host7', 'host1', 'host5', 'host4', 'host10', 'host2', 'host9', 'host11']	['host1', 'host0', 'host13', 'host2', 'host4', 'host11', 'host12', 'host9', 'host7', 'host3', 'host14', 'host15', 'host10', 'host5', 'host8', 'host6']	['host1']
1757	9001	181591678	185945149	258	['host3']	['host7']	['host13']	['host9']
1758	9016	900	482	4294968603	['host3']	['host7']	['host13', 'host14', 'host12', 'host3', 'host8', 'host0', 'host15', 'host6', 'host7', 'host1', 'host5', 'host4', 'host10', 'host2', 'host9', 'host11']	['host1']
1759	9023	8496812	1171853	254	['host3']	['host7']	['host13']	['host9']
1760	9045	8408	4856	2740	['host3']	['host7']	['host13']	['host9']
1761	9066	2702439454	7142503518	4920503755	['host3', 'host15', 'host4']	['host13', 'host14', 'host12', 'host3', 'host8', 'host0', 'host15', 'host6', 'host7', 'host1', 'host5', 'host4', 'host10', 'host2', 'host9', 'host11']	['host1', 'host0', 'host13', 'host2', 'host4', 'host11', 'host12', 'host9', 'host7', 'host3', 'host14', 'host15', 'host10', 'host5', 'host8', 'host6']	['host1']
1762	9070	1895107333	432235	113786	['host3', 'host15', 'host4']	['host13']	['host9']	['host14']
1763	9086	183984589	225012037	96479	['host3']	['host7']	['host13']	['host9']
1764	9094	3343	1906	1302	['host3']	['host7']	['host13']	['host9']
1765	9116	749	436	1073742918	['host3']	['host7']	['host13', 'host14', 'host12', 'host3']	['host7']
1766	9116	24223272	721599	2439	['host3']	['host7']	['host13']	['host9']
1767	9117	721595715	118268859	795	['host3', 'host15']	['host13']	['host9']	['host14']
1768	9117	716001086	9251043	744	['host3', 'host15']	['host13']	['host9']	['host14']
1769	9118	713446431	49068536	758	['host3', 'host15']	['host13']	['host9']	['host14']
1770	9118	716001086	25560736	764	['host3', 'host15']	['host13']	['host9']	['host14']
1771	9118	722813758	97744517	818	['host3', 'host15']	['host13']	['host9']	['host14']
1772	9122	2217764926	3367776	1043	['host3', 'host15', 'host4']	['host13']	['host9']	['host14']
1773	9129	2163291962	3975872512	1988244122	['host3', 'host15', 'host4']	['host13', 'host14', 'host12', 'host3', 'host8', 'host0', 'host15', 'host6', 'host7', 'host1', 'host5', 'host4', 'host10', 'host2']	['host5', 'host12', 'host13', 'host7', 'host8', 'host9', 'host10']	['host13']
1774	9135	866687971	28288688	33118	['host3', 'host15', 'host4']	['host13']	['host9']	['host14']
1775	9147	73857924	36939399	540	['host3']	['host7']	['host13']	['host9']
1776	9147	74670157	15307200	1898	['host3']	['host7']	['host13']	['host9']
1777	9148	3937	2622	4303	['host3']	['host7']	['host13']	['host9']
1778	9149	14655940	513194	938370	['host3']	['host7']	['host13']	['host9']
1779	9149	7811	2422	1447	['host3']	['host7']	['host13']	['host9']
1780	9153	29352208167	6070018348	6018348102	['host3', 'host15', 'host4']	['host13', 'host14', 'host12', 'host3', 'host8', 'host0', 'host15', 'host6', 'host7', 'host1', 'host5', 'host4', 'host10', 'host2', 'host9', 'host11']	['host1', 'host0', 'host13', 'host2', 'host4', 'host11', 'host12', 'host9', 'host7', 'host3', 'host14', 'host15', 'host10', 'host5', 'host8', 'host6']	['host1']
1781	9158	900	491	5368710427	['host3']	['host7']	['host13', 'host14', 'host12', 'host3', 'host8', 'host0', 'host15', 'host6', 'host7', 'host1', 'host5', 'host4', 'host10', 'host2', 'host9', 'host11']	['host1']
1782	9175	2217764926	1530	955	['host3', 'host15', 'host4']	['host13']	['host9']	['host14']
1783	9176	63679686539	2254309385	41150261	['host3', 'host15', 'host4']	['host13', 'host14', 'host12', 'host3', 'host8', 'host0', 'host15', 'host6']	['host8']	['host14']
1784	9178	2217764926	1530	955	['host3', 'host15', 'host4']	['host13']	['host9']	['host14']
1785	9181	1644049701	4870	1104	['host3', 'host15', 'host4']	['host13']	['host9']	['host14']
1786	9182	1644049701	11375438	1118	['host3', 'host15', 'host4']	['host13']	['host9']	['host14']
1787	9201	4233153	37	244	['host3']	['host7']	['host13']	['host9']
1788	9202	5991607141	6045848878	3960129140	['host3', 'host15', 'host4']	['host13', 'host14', 'host12', 'host3', 'host8', 'host0', 'host15', 'host6', 'host7', 'host1', 'host5', 'host4', 'host10', 'host2', 'host9', 'host11']	['host1', 'host0', 'host13', 'host2', 'host4', 'host11', 'host12', 'host9', 'host7', 'host3', 'host14', 'host15', 'host10', 'host5']	['host12']
1789	9219	16584	38411	14569	['host3']	['host7']	['host13']	['host9']
1790	9232	22725167	4866477	407	['host3']	['host7']	['host13']	['host9']
1791	9233	21397108	234935	284	['host3']	['host7']	['host13']	['host9']
1792	9233	4337489	643303	473	['host3']	['host7']	['host13']	['host9']
1793	9233	21397108	1336630	284	['host3']	['host7']	['host13']	['host9']
1794	9242	7530	4426	3317	['host3']	['host7']	['host13']	['host9']
1795	9253	20851147	2217461	386	['host3']	['host7']	['host13']	['host9']
1796	9267	8947966051	12802167254	3210415952	['host3', 'host15', 'host4']	['host13', 'host14', 'host12', 'host3', 'host8', 'host0', 'host15', 'host6', 'host7', 'host1', 'host5', 'host4', 'host10', 'host2', 'host9', 'host11']	['host1', 'host0', 'host13', 'host2', 'host4', 'host11', 'host12', 'host9', 'host7', 'host3', 'host14']	['host2']
1797	9267	10057664678	15677215477	3246586095	['host3', 'host15', 'host4']	['host13', 'host14', 'host12', 'host3', 'host8', 'host0', 'host15', 'host6', 'host7', 'host1', 'host5', 'host4', 'host10', 'host2', 'host9', 'host11']	['host1', 'host0', 'host13', 'host2', 'host4', 'host11', 'host12', 'host9', 'host7', 'host3', 'host14', 'host15']	['host5']
1798	9272	22487281	2774310	402	['host3']	['host7']	['host13']	['host9']
1799	9275	21404644	19310368	246	['host3']	['host7']	['host13']	['host9']
1800	9278	1463807841	1147426511	2800051772	['host3', 'host15', 'host4']	['host13', 'host14', 'host12', 'host3']	['host7', 'host4', 'host2', 'host6', 'host12', 'host14', 'host11', 'host15', 'host10', 'host5']	['host5']
1801	9281	1214404327	1032402588	2426113062	['host3', 'host15', 'host4']	['host13', 'host14', 'host12']	['host11', 'host8', 'host0', 'host15', 'host2', 'host6', 'host12', 'host14', 'host7']	['host7']
1802	9284	88176	55120	37352	['host3']	['host7']	['host13']	['host9']
1803	9285	1843427	4381376	398	['host3']	['host7']	['host13']	['host9']
1804	9286	886391295	575032128	1773155674	['host3', 'host15', 'host4']	['host13', 'host14']	['host14', 'host3', 'host8', 'host0', 'host15', 'host6']	['host8']
1805	9292	8873	13568	33998	['host3']	['host7']	['host13']	['host9']
1806	9300	749	440	1073742918	['host3']	['host7']	['host13', 'host14', 'host12', 'host3']	['host7']
1807	9304	1256515345	767261092	2488559492	['host3', 'host15', 'host4']	['host13', 'host14']	['host14', 'host3', 'host8', 'host0', 'host15', 'host6', 'host5', 'host7', 'host11']	['host7']
1808	9305	3209941	692434	244	['host3']	['host7']	['host13']	['host9']
1809	9307	1264041358	760964135	2500485372	['host3', 'host15', 'host4']	['host13', 'host14']	['host14', 'host3', 'host8', 'host0', 'host15', 'host6', 'host5', 'host7', 'host11']	['host7']
1810	9322	37620	52715	36165	['host3']	['host7']	['host13']	['host9']
1811	9322	73926349	16781554	16845315	['host3']	['host7']	['host13']	['host9']
1812	9325	4510	1384	1027	['host3']	['host7']	['host13']	['host9']
1813	9337	4138622671	843778781	871721320	['host3', 'host15', 'host4']	['host13', 'host14', 'host12']	['host11', 'host8', 'host0']	['host7']
1814	9337	363851755	37347419	42048509	['host3']	['host7']	['host13']	['host9']
1815	9339	22245864	24894435	179276	['host3']	['host7']	['host13']	['host9']
1816	9340	900	480	5368710427	['host3']	['host7']	['host13', 'host14', 'host12', 'host3', 'host8', 'host0', 'host15', 'host6', 'host7', 'host1', 'host5', 'host4', 'host10', 'host2', 'host9', 'host11']	['host1']
1817	9353	1079506676	567545683	2021959128	['host3', 'host15', 'host4']	['host13', 'host14']	['host14', 'host3', 'host8', 'host0', 'host15', 'host6', 'host5']	['host14']
1818	9363	3062653	44	257	['host3']	['host7']	['host13']	['host9']
1819	9371	875408019	569438668	1750412994	['host3', 'host15', 'host4']	['host13', 'host14']	['host14', 'host3', 'host8', 'host0', 'host15', 'host6']	['host8']
1820	9372	23342510	685842	2400	['host3']	['host7']	['host13']	['host9']
1821	9372	25901208	602820	357	['host3']	['host7']	['host13']	['host9']
1822	9373	25243498	1033082	377	['host3']	['host7']	['host13']	['host9']
1823	9373	25901208	770987	357	['host3']	['host7']	['host13']	['host9']
1824	9374	26868396	5940871	391	['host3']	['host7']	['host13']	['host9']
1825	9374	27100701	2232859	397	['host3']	['host7']	['host13']	['host9']
1826	9385	183963615	2377331	284	['host3']	['host7']	['host13']	['host9']
1827	9386	17058078	4399295	525	['host3']	['host7']	['host13']	['host9']
1828	9386	187899469	28025871	433	['host3']	['host7']	['host13']	['host9']
1829	9387	183963615	7486515	284	['host3']	['host7']	['host13']	['host9']
1830	9393	2145183	716173	894	['host3']	['host7']	['host13']	['host9']
1831	9395	1900089	18	403	['host3']	['host7']	['host13']	['host9']
1832	9401	40824714	84585545	55924866	['host3']	['host7']	['host13']	['host9']
1833	9409	182311900	13251276	414	['host3']	['host7']	['host13']	['host9']
1834	9418	67117707373	375197375	247	['host3', 'host15', 'host4']	['host13']	['host9']	['host14']
1835	9424	187191877	29816459	426	['host3']	['host7']	['host13']	['host9']
1836	9439	862502876	593008134	1646311462	['host3', 'host15', 'host4']	['host13', 'host14']	['host14', 'host3', 'host8', 'host0', 'host15', 'host6']	['host8']
1837	9442	4233153	37	244	['host3']	['host7']	['host13']	['host9']
1838	9447	32426601653	12186080	253	['host3', 'host15', 'host4']	['host13']	['host9']	['host14']
1839	9450	7720	4035	2340	['host3']	['host7']	['host13']	['host9']
1840	9469	2776555890440	625648575	9206770	['host3', 'host15', 'host4']	['host13', 'host14']	['host14']	['host11']
1841	9494	20783973	18	431	['host3']	['host7']	['host13']	['host9']
1842	9494	1132277	63160	37282	['host3']	['host7']	['host13']	['host9']
1843	9497	2728805660	7741779891	5324766019	['host3', 'host15', 'host4']	['host13', 'host14', 'host12', 'host3', 'host8', 'host0', 'host15', 'host6', 'host7', 'host1', 'host5', 'host4', 'host10', 'host2', 'host9', 'host11']	['host1', 'host0', 'host13', 'host2', 'host4', 'host11', 'host12', 'host9', 'host7', 'host3', 'host14', 'host15', 'host10', 'host5', 'host8', 'host6']	['host1']
1844	9499	2823323339	7775190261	5377921421	['host3', 'host15', 'host4']	['host13', 'host14', 'host12', 'host3', 'host8', 'host0', 'host15', 'host6', 'host7', 'host1', 'host5', 'host4', 'host10', 'host2', 'host9', 'host11']	['host1', 'host0', 'host13', 'host2', 'host4', 'host11', 'host12', 'host9', 'host7', 'host3', 'host14', 'host15', 'host10', 'host5', 'host8', 'host6']	['host1']
1845	9502	180260747	26769620	450	['host3']	['host7']	['host13']	['host9']
1846	9502	174669593	12676221	418	['host3']	['host7']	['host13']	['host9']
1847	9503	176402544	2362793	407	['host3']	['host7']	['host13']	['host9']
1848	9503	23342510	1771448	2400	['host3']	['host7']	['host13']	['host9']
1849	9503	749	438	1073742918	['host3']	['host7']	['host13', 'host14', 'host12', 'host3']	['host7']
1850	9503	176402544	6342406	414	['host3']	['host7']	['host13']	['host9']
1851	9505	179562355	28709974	432	['host3']	['host7']	['host13']	['host9']
1852	9506	1132277	63194	37282	['host3']	['host7']	['host13']	['host9']
1853	9525	16141441	3756474	1251	['host3']	['host7']	['host13']	['host9']
1854	9525	651811606219	159829145	58257	['host3', 'host15', 'host4']	['host13']	['host9']	['host14']
1855	9526	32426601653	534966353	256	['host3', 'host15', 'host4']	['host13']	['host9']	['host14']
1856	9526	20951303	18	448	['host3']	['host7']	['host13']	['host9']
1857	9573	149649741	4007298	1775629	['host3']	['host7']	['host13']	['host9']
1858	9581	4673	1575	1112	['host3']	['host7']	['host13']	['host9']
1859	9581	900	488	5368710427	['host3']	['host7']	['host13', 'host14', 'host12', 'host3', 'host8', 'host0', 'host15', 'host6', 'host7', 'host1', 'host5', 'host4', 'host10', 'host2', 'host9', 'host11']	['host1']
1860	9603	8364	4880	2748	['host3']	['host7']	['host13']	['host9']
1861	9611	52052608	42400754	18985504	['host3']	['host7']	['host13']	['host9']
1862	9624	113035766197	62811401083	184201	['host3', 'host15', 'host4']	['host13', 'host14', 'host12', 'host3', 'host8', 'host0', 'host15', 'host6', 'host7', 'host1', 'host5', 'host4', 'host10', 'host2', 'host9', 'host11']	['host1']	['host13']
1863	9624	113035766197	62812634495	184201	['host3', 'host15', 'host4']	['host13', 'host14', 'host12', 'host3', 'host8', 'host0', 'host15', 'host6', 'host7', 'host1', 'host5', 'host4', 'host10', 'host2', 'host9', 'host11']	['host1']	['host13']
1864	9638	113037486970	62813164247	6104860	['host3', 'host15', 'host4']	['host13', 'host14', 'host12', 'host3', 'host8', 'host0', 'host15', 'host6', 'host7', 'host1', 'host5', 'host4', 'host10', 'host2', 'host9', 'host11']	['host1']	['host13']
1865	9647	715964238	25715670	550	['host3', 'host15']	['host13']	['host9']	['host14']
1866	9647	722776910	102852648	728	['host3', 'host15']	['host13']	['host9']	['host14']
1867	9647	75212312	15073510	675	['host3']	['host7']	['host13']	['host9']
1868	9648	715964238	9062307	549	['host3', 'host15']	['host13']	['host9']	['host14']
1869	9676	23342510	685842	2400	['host3']	['host7']	['host13']	['host9']
1870	9679	716252562	25471764	758	['host3', 'host15']	['host13']	['host9']	['host14']
1871	9680	724264727	100893410	814	['host3', 'host15']	['host13']	['host9']	['host14']
1872	9680	716252562	9265145	737	['host3', 'host15']	['host13']	['host9']	['host14']
1873	9680	713040197	49157383	755	['host3', 'host15']	['host13']	['host9']	['host14']
1874	9681	722814379	117659174	795	['host3', 'host15']	['host13']	['host9']	['host14']
1875	9681	4233153	37	244	['host3']	['host7']	['host13']	['host9']
1876	9682	2446	1882	1077	['host3']	['host7']	['host13']	['host9']
1877	9697	1475193221	659333685	1062	['host3', 'host15', 'host4']	['host13', 'host14']	['host14']	['host11']
1878	9698	713409583	50409962	697	['host3', 'host15']	['host13']	['host9']	['host14']
1879	9707	19807517898	7391874149	3203586556	['host3', 'host15', 'host4']	['host13', 'host14', 'host12', 'host3', 'host8', 'host0', 'host15', 'host6', 'host7', 'host1', 'host5', 'host4', 'host10', 'host2', 'host9', 'host11']	['host1', 'host0', 'host13', 'host2', 'host4', 'host11', 'host12', 'host9', 'host7', 'host3', 'host14']	['host2']
1880	9708	9558038957	882073609	274920907	['host3', 'host15', 'host4']	['host13', 'host14', 'host12']	['host11']	['host7']
1881	9717	74937221	14183105	1898	['host3']	['host7']	['host13']	['host9']
1882	9733	290883609	7658933	3592291	['host3']	['host7']	['host13']	['host9']
1883	9735	900	488	5368710427	['host3']	['host7']	['host13', 'host14', 'host12', 'host3', 'host8', 'host0', 'host15', 'host6', 'host7', 'host1', 'host5', 'host4', 'host10', 'host2', 'host9', 'host11']	['host1']
1884	9739	721558867	120321708	716	['host3', 'host15']	['host13']	['host9']	['host14']
1885	9740	347982	422823	182808	['host3']	['host7']	['host13']	['host9']
1886	9747	76173282	37999653	537	['host3']	['host7']	['host13']	['host9']
1887	9751	1363018669	687374018	95703	['host3', 'host15', 'host4']	['host13', 'host14']	['host14']	['host11']
1888	9754	113035730528	62806267807	59991	['host3', 'host15', 'host4']	['host13', 'host14', 'host12', 'host3', 'host8', 'host0', 'host15', 'host6', 'host7', 'host1', 'host5', 'host4', 'host10', 'host2', 'host9', 'host11']	['host1']	['host13']
1889	9755	1272816514	1356842179	819594509	['host3', 'host15', 'host4']	['host13', 'host14', 'host12', 'host3', 'host8']	['host7', 'host4', 'host2']	['host2']
1890	9756	277255977	8833877	13354038	['host3']	['host7']	['host13']	['host9']
1891	9769	203821410	2963339	2315853	['host3']	['host7']	['host13']	['host9']
1892	9775	78705116	40489440	457	['host3']	['host7']	['host13']	['host9']
1893	9778	10097169750	2971362100	3489171	['host3', 'host15', 'host4']	['host13', 'host14', 'host12', 'host3', 'host8', 'host0', 'host15', 'host6', 'host7', 'host1', 'host5']	['host13']	['host7']
1894	9786	2976922636	8119039757	5521466384	['host3', 'host15', 'host4']	['host13', 'host14', 'host12', 'host3', 'host8', 'host0', 'host15', 'host6', 'host7', 'host1', 'host5', 'host4', 'host10', 'host2', 'host9', 'host11']	['host1', 'host0', 'host13', 'host2', 'host4', 'host11', 'host12', 'host9', 'host7', 'host3', 'host14', 'host15', 'host10', 'host5', 'host8', 'host6']	['host1']
1895	9804	1980332910	1008041	245	['host3', 'host15', 'host4']	['host13']	['host9']	['host14']
1896	9805	2246620808	1197096480	9579370	['host3', 'host15', 'host4']	['host13', 'host14', 'host12', 'host3']	['host7']	['host2']
1897	9805	113035912259	62795959866	961286	['host3', 'host15', 'host4']	['host13', 'host14', 'host12', 'host3', 'host8', 'host0', 'host15', 'host6', 'host7', 'host1', 'host5', 'host4', 'host10', 'host2', 'host9', 'host11']	['host1']	['host13']
1898	9807	2811693454	7762653388	5342328262	['host3', 'host15', 'host4']	['host13', 'host14', 'host12', 'host3', 'host8', 'host0', 'host15', 'host6', 'host7', 'host1', 'host5', 'host4', 'host10', 'host2', 'host9', 'host11']	['host1', 'host0', 'host13', 'host2', 'host4', 'host11', 'host12', 'host9', 'host7', 'host3', 'host14', 'host15', 'host10', 'host5', 'host8', 'host6']	['host1']
1899	9811	286946	303927	102769	['host3']	['host7']	['host13']	['host9']
1900	9824	8275245	229113	96957	['host3']	['host7']	['host13']	['host9']
1901	9839	2446	1882	1077	['host3']	['host7']	['host13']	['host9']
1902	9840	3228435083	8311956788	2736553616	['host3', 'host15', 'host4']	['host13', 'host14', 'host12', 'host3', 'host8', 'host0', 'host15', 'host6', 'host7', 'host1', 'host5', 'host4', 'host10', 'host2', 'host9', 'host11']	['host1', 'host0', 'host13', 'host2', 'host4', 'host11', 'host12', 'host9', 'host7', 'host3']	['host3']
1903	9843	245119	266210	114328	['host3']	['host7']	['host13']	['host9']
1904	9844	34871400	4176	12154	['host3']	['host7']	['host13']	['host9']
1905	9847	860383493	455492065	7295069	['host3', 'host15', 'host4']	['host13']	['host9']	['host14']
1906	9876	7588	5936	3285	['host3']	['host7']	['host13']	['host9']
1907	9880	749	438	1073742918	['host3']	['host7']	['host13', 'host14', 'host12', 'host3']	['host7']
1908	9886	155101723	231262728	53136	['host3']	['host7']	['host13']	['host9']
1909	9896	3261	1915	1305	['host3']	['host7']	['host13']	['host9']
1910	9899	290610283	75199269	14482530	['host3']	['host7']	['host13']	['host9']
1911	9909	113024543579	62803471305	827043	['host3', 'host15', 'host4']	['host13', 'host14', 'host12', 'host3', 'host8', 'host0', 'host15', 'host6', 'host7', 'host1', 'host5', 'host4', 'host10', 'host2', 'host9', 'host11']	['host1']	['host13']
1912	9921	113027985568	62814487782	9215309	['host3', 'host15', 'host4']	['host13', 'host14', 'host12', 'host3', 'host8', 'host0', 'host15', 'host6', 'host7', 'host1', 'host5', 'host4', 'host10', 'host2', 'host9', 'host11']	['host1']	['host13']
1913	9923	4233153	37	244	['host3']	['host7']	['host13']	['host9']
1914	9925	22548642606	147431	6895	['host3', 'host15', 'host4']	['host13']	['host9']	['host14']
1915	9926	22548642606	156284	6900	['host3', 'host15', 'host4']	['host13']	['host9']	['host14']
1916	9927	113024430328	62807465878	59991	['host3', 'host15', 'host4']	['host13', 'host14', 'host12', 'host3', 'host8', 'host0', 'host15', 'host6', 'host7', 'host1', 'host5', 'host4', 'host10', 'host2', 'host9', 'host11']	['host1']	['host13']
1917	9927	90369451293	13858108345	481388	['host3', 'host15', 'host4']	['host13', 'host14', 'host12', 'host3', 'host8', 'host0', 'host15', 'host6', 'host7', 'host1', 'host5', 'host4', 'host10', 'host2', 'host9', 'host11']	['host1']	['host13']
1918	9931	8949	13798	34072	['host3']	['host7']	['host13']	['host9']
1919	9950	43647	7798	68719536686	['host3']	['host7']	['host13', 'host14', 'host12', 'host3', 'host8', 'host0', 'host15', 'host6', 'host7', 'host1', 'host5', 'host4', 'host10', 'host2', 'host9', 'host11']	['host1']
1920	9952	4020	2687	4444	['host3']	['host7']	['host13']	['host9']
1921	9953	1330855309	30627495	15029007	['host3', 'host15', 'host4']	['host13']	['host9']	['host14']
1922	9970	1844969343	412569	98799	['host3', 'host15', 'host4']	['host13']	['host9']	['host14']
1923	9978	7814790762	66797635	3775	['host3', 'host15', 'host4']	['host13']	['host9']	['host14']
1924	10018	23435250	1756532	2424	['host3']	['host7']	['host13']	['host9']
1925	10019	29232697	4365410	377	['host3']	['host7']	['host13']	['host9']
1926	10019	29232697	424126	312	['host3']	['host7']	['host13']	['host9']
1927	10020	29232697	3732956	385	['host3']	['host7']	['host13']	['host9']
1928	10021	29232697	1145119	322	['host3']	['host7']	['host13']	['host9']
1929	10022	29232697	1957887	368	['host3']	['host7']	['host13']	['host9']
1930	10037	2142000	708644	470	['host3']	['host7']	['host13']	['host9']
1931	10038	27091776	5264210	376	['host3']	['host7']	['host13']	['host9']
1932	10039	25892283	245027	284	['host3']	['host7']	['host13']	['host9']
1933	10040	25892283	1824043	284	['host3']	['host7']	['host13']	['host9']
1934	10040	1642262	549947	868	['host3']	['host7']	['host13']	['host9']
1935	10042	3297081	18	382	['host3']	['host7']	['host13']	['host9']
1936	10055	7738	2040	1286	['host3']	['host7']	['host13']	['host9']
1937	10058	7725549107	15317167551	10109665180	['host3', 'host15', 'host4']	['host13', 'host14', 'host12', 'host3', 'host8', 'host0', 'host15', 'host6', 'host7', 'host1', 'host5', 'host4', 'host10', 'host2', 'host9', 'host11']	['host1', 'host0', 'host13', 'host2', 'host4', 'host11', 'host12', 'host9', 'host7', 'host3', 'host14', 'host15', 'host10', 'host5', 'host8', 'host6']	['host1']
1938	10061	11498	194	356	['host3']	['host7']	['host13']	['host9']
1939	10064	38273816	53643141	32217611	['host3']	['host7']	['host13']	['host9']
1940	10067	205525287734	1504552370	246	['host3', 'host15', 'host4']	['host13', 'host14', 'host12', 'host3', 'host8']	['host7']	['host2']
1941	10069	175824	12139	1963	['host3']	['host7']	['host13']	['host9']
1942	10071	695	482	240	['host3']	['host7']	['host13']	['host9']
1943	10075	25234573	2462249	371	['host3']	['host7']	['host13']	['host9']
1944	10081	75135874528	33159865	246	['host3', 'host15', 'host4']	['host13']	['host9']	['host14']
1945	10083	26859471	2516458	375	['host3']	['host7']	['host13']	['host9']
1946	10088	7582	3825	2294	['host3']	['host7']	['host13']	['host9']
1947	10092	7814790762	56884104	245	['host3', 'host15', 'host4']	['host13']	['host9']	['host14']
1948	10100	14482798	23776975	14077096	['host3']	['host7']	['host13']	['host9']
1949	10104	1954303	18	379	['host3']	['host7']	['host13']	['host9']
1950	10106	2231	2775	1888	['host3']	['host7']	['host13']	['host9']
1951	10133	3916045	6033272	3557734	['host3']	['host7']	['host13']	['host9']
1952	10155	18987851	2744	19125702	['host3']	['host7']	['host13']	['host9']
1953	10158	2543983952	7139037426	4696127711	['host3', 'host15', 'host4']	['host13', 'host14', 'host12', 'host3', 'host8', 'host0', 'host15', 'host6', 'host7', 'host1', 'host5', 'host4', 'host10', 'host2', 'host9', 'host11']	['host1', 'host0', 'host13', 'host2', 'host4', 'host11', 'host12', 'host9', 'host7', 'host3', 'host14', 'host15', 'host10', 'host5', 'host8', 'host6']	['host1']
1954	10158	183770988	2614755	408	['host3']	['host7']	['host13']	['host9']
1955	10159	185828349	28133073	430	['host3']	['host7']	['host13']	['host9']
1956	10160	183770988	7242446	417	['host3']	['host7']	['host13']	['host9']
1957	10160	23435250	767835	2424	['host3']	['host7']	['host13']	['host9']
1958	10161	186298540	24902628	445	['host3']	['host7']	['host13']	['host9']
1959	10163	182567317	12749714	417	['host3']	['host7']	['host13']	['host9']
1960	10178	4233153	37	244	['host3']	['host7']	['host13']	['host9']
1961	10187	2182101	3475928	4028	['host3']	['host7']	['host13']	['host9']
1962	10188	511562	771131	1260	['host3']	['host7']	['host13']	['host9']
1963	10189	571115	872648	1256	['host3']	['host7']	['host13']	['host9']
1964	10190	20887	31846	1144	['host3']	['host7']	['host13']	['host9']
1965	10190	273409	465251	1094	['host3']	['host7']	['host13']	['host9']
1966	10192	4415	1053	995	['host3']	['host7']	['host13']	['host9']
1967	10193	15464058	3266940	1247	['host3']	['host7']	['host13']	['host9']
1968	10203	1222627763	1193461	3432	['host3', 'host15', 'host4']	['host13']	['host9']	['host14']
1969	10211	47962	102894	14751	['host3']	['host7']	['host13']	['host9']
1970	10227	1524	1771	1043	['host3']	['host7']	['host13']	['host9']
1971	10233	1528	1601	1040	['host3']	['host7']	['host13']	['host9']
1972	10234	4296	6526	3945	['host3']	['host7']	['host13']	['host9']
1973	10234	1362	1622	938	['host3']	['host7']	['host13']	['host9']
1974	10235	1412	1693	894	['host3']	['host7']	['host13']	['host9']
1975	10241	3090558704	7052257295	21759222	['host3', 'host15', 'host4']	['host13', 'host14', 'host12', 'host3', 'host8', 'host0', 'host15', 'host6', 'host7', 'host1', 'host5', 'host4', 'host10', 'host2', 'host9', 'host11']	['host1']	['host13']
1976	10253	549786	2452870	292422	['host3']	['host7']	['host13']	['host9']
1977	10260	182625	308114	163846	['host3']	['host7']	['host13']	['host9']
1978	10264	62963	115975	16572	['host3']	['host7']	['host13']	['host9']
1979	10265	16137482	3395014	524	['host3']	['host7']	['host13']	['host9']
1980	10266	180232224	26427331	434	['host3']	['host7']	['host13']	['host9']
1981	10266	176374021	6657672	284	['host3']	['host7']	['host13']	['host9']
1982	10267	176374021	2608647	284	['host3']	['host7']	['host13']	['host9']
1983	10274	20651974	18	451	['host3']	['host7']	['host13']	['host9']
1984	10292	61570327436	25127470056	22042418318	['host3', 'host15', 'host4']	['host13', 'host14', 'host12', 'host3', 'host8', 'host0', 'host15', 'host6', 'host7', 'host1', 'host5', 'host4', 'host10', 'host2', 'host9', 'host11']	['host1', 'host0', 'host13', 'host2', 'host4', 'host11', 'host12', 'host9', 'host7', 'host3', 'host14', 'host15', 'host10', 'host5', 'host8', 'host6']	['host1']
1985	10298	174641070	12930588	415	['host3']	['host7']	['host13']	['host9']
1986	10305	43647	7808	68719536686	['host3']	['host7']	['host13', 'host14', 'host12', 'host3', 'host8', 'host0', 'host15', 'host6', 'host7', 'host1', 'host5', 'host4', 'host10', 'host2', 'host9', 'host11']	['host1']
1987	10305	16840	25178	15133	['host3']	['host7']	['host13']	['host9']
1988	10308	179533832	30390652	427	['host3']	['host7']	['host13']	['host9']
1989	10312	113039308432	62846786505	42954163	['host3', 'host15', 'host4']	['host13', 'host14', 'host12', 'host3', 'host8', 'host0', 'host15', 'host6', 'host7', 'host1', 'host5', 'host4', 'host10', 'host2', 'host9', 'host11']	['host1']	['host13']
1990	10318	39631788428	68822738638	792435735	['host3', 'host15', 'host4']	['host13', 'host14', 'host12', 'host3', 'host8', 'host0', 'host15', 'host6', 'host7', 'host1', 'host5', 'host4', 'host10', 'host2', 'host9', 'host11']	['host1', 'host0']	['host13']
1991	10324	182956	308118	163846	['host3']	['host7']	['host13']	['host9']
1992	10330	20867768	18	433	['host3']	['host7']	['host13']	['host9']
1993	10341	9725	21857	27778	['host3']	['host7']	['host13']	['host9']
1994	10342	289358	94137	294618	['host3']	['host7']	['host13']	['host9']
1995	10356	32217879	59561328	22363701	['host3']	['host7']	['host13']	['host9']
1996	10358	8383	4869	2732	['host3']	['host7']	['host13']	['host9']
1997	10364	8645509	12454067	7835	['host3']	['host7']	['host13']	['host9']
1998	10365	8645509	95683	4085	['host3']	['host7']	['host13']	['host9']
1999	10365	8645509	13160283	2641	['host3']	['host7']	['host13']	['host9']
2000	10366	8645509	166779	191	['host3']	['host7']	['host13']	['host9']
2001	10367	5912445061	393786937	13106	['host3', 'host15', 'host4']	['host13']	['host9']	['host14']
2002	10367	8645509	11866355	7267	['host3']	['host7']	['host13']	['host9']
2003	10367	8645509	93667	3870	['host3']	['host7']	['host13']	['host9']
2004	10368	8645509	13054030	6348	['host3']	['host7']	['host13']	['host9']
2005	10368	8645509	12439759	12495	['host3']	['host7']	['host13']	['host9']
2006	10368	8645509	12049158	2977	['host3']	['host7']	['host13']	['host9']
2007	10369	8645509	6628	1622	['host3']	['host7']	['host13']	['host9']
2008	10370	8645509	12698117	3828	['host3']	['host7']	['host13']	['host9']
2009	10374	9642	19089	21980	['host3']	['host7']	['host13']	['host9']
2010	10380	1276	290	97	['host3']	['host7']	['host13']	['host9']
2011	10386	134163	248	115	['host3']	['host7']	['host13']	['host9']
2012	10403	4233153	37	244	['host3']	['host7']	['host13']	['host9']
2013	10414	9725	21872	27778	['host3']	['host7']	['host13']	['host9']
2014	10415	9642	19109	21980	['host3']	['host7']	['host13']	['host9']
2015	10417	7665593	10731347	6583909	['host3']	['host7']	['host13']	['host9']
2016	10420	4677	1584	1111	['host3']	['host7']	['host13']	['host9']
2017	10430	715566773	26594857	755	['host3', 'host15']	['host13']	['host9']	['host14']
2018	10431	715566773	9269104	734	['host3', 'host15']	['host13']	['host9']	['host14']
2019	10431	723578938	99295264	820	['host3', 'host15']	['host13']	['host9']	['host14']
2020	10431	722128590	118936700	791	['host3', 'host15']	['host13']	['host9']	['host14']
2021	10432	712354408	50187045	752	['host3', 'host15']	['host13']	['host9']	['host14']
2022	10432	6049278	15323065	5671273	['host3']	['host7']	['host13']	['host9']
2023	10433	3890131840	5684761197	519733	['host3', 'host15', 'host4']	['host13', 'host14', 'host12', 'host3', 'host8', 'host0', 'host15', 'host6', 'host7', 'host1', 'host5', 'host4', 'host10', 'host2', 'host9', 'host11']	['host1']	['host13']
2024	10434	23435250	1756532	2424	['host3']	['host7']	['host13']	['host9']
2025	10445	1685031237	5204210657	1630465306	['host3', 'host15', 'host4']	['host13', 'host14', 'host12', 'host3', 'host8', 'host0', 'host15', 'host6', 'host7', 'host1', 'host5', 'host4', 'host10', 'host2', 'host9', 'host11']	['host1', 'host0', 'host13', 'host2', 'host4', 'host11']	['host3']
2026	10454	59485	59538	63047	['host3']	['host7']	['host13']	['host9']
2027	10462	10228533	12200897	9753995	['host3']	['host7']	['host13']	['host9']
2028	10471	74274829	14680156	1876	['host3']	['host7']	['host13']	['host9']
2029	10474	77402593	39344384	539	['host3']	['host7']	['host13']	['host9']
2030	10498	716206789	26169704	550	['host3', 'host15']	['host13']	['host9']	['host14']
2031	10499	724218954	104572842	714	['host3', 'host15']	['host13']	['host9']	['host14']
2032	10500	75444089	15612686	655	['host3']	['host7']	['host13']	['host9']
2033	10503	716206789	9286120	549	['host3', 'host15']	['host13']	['host9']	['host14']
2034	10525	712994424	51186207	686	['host3', 'host15']	['host13']	['host9']	['host14']
2035	10550	544481149	984279827	131853	['host3', 'host15']	['host13', 'host14', 'host12']	['host11']	['host7']
2036	10552	952493	2303795	951248	['host3']	['host7']	['host13']	['host9']
2037	10554	4812441429	1602174148	3649	['host3', 'host15', 'host4']	['host13', 'host14', 'host12', 'host3', 'host8']	['host7']	['host2']
2038	10555	15284758	873	849	['host3']	['host7']	['host13']	['host9']
2039	10556	2433506	778	327	['host3']	['host7']	['host13']	['host9']
2040	10560	821688	2170434	905183	['host3']	['host7']	['host13']	['host9']
2041	10570	1660416	2474365	43026	['host3']	['host7']	['host13']	['host9']
2042	10571	1704856	2479942	42378	['host3']	['host7']	['host13']	['host9']
2043	10573	12019	15422	8364	['host3']	['host7']	['host13']	['host9']
2044	10578	722768606	122231979	707	['host3', 'host15']	['host13']	['host9']	['host14']
2045	10592	9113374	21282312	7744839	['host3']	['host7']	['host13']	['host9']
2046	10593	2732	6015	19740	['host3']	['host7']	['host13']	['host9']
2047	10593	2668	5149	16818	['host3']	['host7']	['host13']	['host9']
2048	10595	7709	6324	3292	['host3']	['host7']	['host13']	['host9']
2049	10601	82093238	42124806	445	['host3']	['host7']	['host13']	['host9']
2050	10603	544481287	973877034	132179	['host3', 'host15']	['host13', 'host14', 'host12']	['host11']	['host7']
2051	10609	2732	6003	19740	['host3']	['host7']	['host13']	['host9']
2052	10609	2668	5145	16818	['host3']	['host7']	['host13']	['host9']
2053	10628	43647	9155	68719536686	['host3']	['host7']	['host13', 'host14', 'host12', 'host3', 'host8', 'host0', 'host15', 'host6', 'host7', 'host1', 'host5', 'host4', 'host10', 'host2', 'host9', 'host11']	['host1']
2054	10640	5781469015	5534698337	56147	['host3', 'host15', 'host4']	['host13', 'host14', 'host12', 'host3', 'host8', 'host0', 'host15', 'host6', 'host7', 'host1', 'host5', 'host4', 'host10', 'host2', 'host9', 'host11']	['host1']	['host13']
2055	10643	4233153	37	244	['host3']	['host7']	['host13']	['host9']
2056	10646	8894	13667	33836	['host3']	['host7']	['host13']	['host9']
2057	10654	30232947699	251747713	84796840	['host3', 'host15', 'host4']	['host13']	['host9']	['host14']
2058	10660	2996921563	8224657806	2374916593	['host3', 'host15', 'host4']	['host13', 'host14', 'host12', 'host3', 'host8', 'host0', 'host15', 'host6', 'host7', 'host1', 'host5', 'host4', 'host10', 'host2', 'host9', 'host11']	['host1', 'host0', 'host13', 'host2', 'host4', 'host11', 'host12', 'host9']	['host5']
2059	10662	3890357756	5689704543	324027	['host3', 'host15', 'host4']	['host13', 'host14', 'host12', 'host3', 'host8', 'host0', 'host15', 'host6', 'host7', 'host1', 'host5', 'host4', 'host10', 'host2', 'host9', 'host11']	['host1']	['host13']
2060	10675	254505	319222	37838	['host3']	['host7']	['host13']	['host9']
2061	10678	246689	319240	38055	['host3']	['host7']	['host13']	['host9']
2062	10684	3607765	5238739	53064	['host3']	['host7']	['host13']	['host9']
2063	10684	3511544	5219950	56803	['host3']	['host7']	['host13']	['host9']
2064	10701	298913	315781	104413	['host3']	['host7']	['host13']	['host9']
2065	10706	42528972	98826048	34346665	['host3']	['host7']	['host13']	['host9']
2066	10723	8194332	231605	99000	['host3']	['host7']	['host13']	['host9']
2067	10723	846145076363	16580339942	393522006374	['host3', 'host15', 'host4']	['host13', 'host14', 'host12', 'host3', 'host8', 'host0', 'host15', 'host6', 'host7', 'host1', 'host5', 'host4', 'host10', 'host2', 'host9', 'host11']	['host1', 'host0', 'host13', 'host2', 'host4', 'host11', 'host12', 'host9', 'host7', 'host3', 'host14', 'host15', 'host10', 'host5', 'host8', 'host6']	['host1']
2068	10724	549851079	957035634	5404259	['host3', 'host15']	['host13', 'host14', 'host12']	['host11']	['host7']
2069	10726	3276	1851	1273	['host3']	['host7']	['host13']	['host9']
2070	10728	24300480	3246135	385	['host3']	['host7']	['host13']	['host9']
2071	10728	24300480	1653439	358	['host3']	['host7']	['host13']	['host9']
2072	10729	24300480	3671647	375	['host3']	['host7']	['host13']	['host9']
2073	10729	24300480	260644	331	['host3']	['host7']	['host13']	['host9']
2074	10729	21213886	1595236	2457	['host3']	['host7']	['host13']	['host9']
2075	10734	24300480	661544	342	['host3']	['host7']	['host13']	['host9']
2076	10745	654410501	1162927997	103435678	['host3', 'host15']	['host13', 'host14', 'host12', 'host3']	['host7']	['host2']
2077	10746	1364496	452791	883	['host3']	['host7']	['host13']	['host9']
2078	10749	2484967	18	381	['host3']	['host7']	['host13']	['host9']
2079	10781	3955	2558	4197	['host3']	['host7']	['host13']	['host9']
2080	10782	21703207	1353973	967726	['host3']	['host7']	['host13']	['host9']
2081	10786	655060841	1163068639	104178204	['host3', 'host15']	['host13', 'host14', 'host12', 'host3']	['host7']	['host2']
2082	10795	7656	3917	2315	['host3']	['host7']	['host13']	['host9']
2083	10802	632	409	268436375	['host3']	['host7']	['host13']	['host9']
2084	10807	549	86	281	['host3']	['host7']	['host13']	['host9']
2085	10811	2997146180	13263326907	5302316320	['host3', 'host15', 'host4']	['host13', 'host14', 'host12', 'host3', 'host8', 'host0', 'host15', 'host6', 'host7', 'host1', 'host5', 'host4', 'host10', 'host2', 'host9', 'host11']	['host1', 'host0', 'host13', 'host2', 'host4', 'host11', 'host12', 'host9', 'host7', 'host3', 'host14', 'host15', 'host10', 'host5', 'host8', 'host6']	['host1']
2086	10824	1902730529	2750940477	6954230	['host3', 'host15', 'host4']	['host13', 'host14', 'host12', 'host3', 'host8', 'host0', 'host15', 'host6', 'host7', 'host1']	['host14']	['host13']
2087	10833	547354370	3437	2051	['host3', 'host15']	['host13']	['host9']	['host14']
2088	10833	3330076120	268884383	116994811	['host3', 'host15', 'host4']	['host13']	['host9']	['host14']
2089	10834	3330076120	39466935	46223	['host3', 'host15', 'host4']	['host13']	['host9']	['host14']
2090	10836	3330076120	20884680	16424	['host3', 'host15', 'host4']	['host13']	['host9']	['host14']
2091	10840	1325150937	240519419	234554405	['host3', 'host15', 'host4']	['host13']	['host9']	['host14']
2092	10840	632	407	268436375	['host3']	['host7']	['host13']	['host9']
2093	10842	549	86	57	['host3']	['host7']	['host13']	['host9']
2094	10842	3330076120	19344213	17776	['host3', 'host15', 'host4']	['host13']	['host9']	['host14']
2095	10843	3330076120	247020436	116172212	['host3', 'host15', 'host4']	['host13']	['host9']	['host14']
2096	10843	3330076120	294177894	119020424	['host3', 'host15', 'host4']	['host13']	['host9']	['host14']
2097	10843	3330076120	288076478	117991585	['host3', 'host15', 'host4']	['host13']	['host9']	['host14']
2098	10843	3330076120	53981177	373208	['host3', 'host15', 'host4']	['host13']	['host9']	['host14']
2099	10844	3330076120	236334678	115121352	['host3', 'host15', 'host4']	['host13']	['host9']	['host14']
2100	10844	3330076120	55741709	317400	['host3', 'host15', 'host4']	['host13']	['host9']	['host14']
2101	10846	16458342860	1710	264	['host3', 'host15', 'host4']	['host13']	['host9']	['host14']
2102	10847	7954829292	16178532811	11388426503	['host3', 'host15', 'host4']	['host13', 'host14', 'host12', 'host3', 'host8', 'host0', 'host15', 'host6', 'host7', 'host1', 'host5', 'host4', 'host10', 'host2', 'host9', 'host11']	['host1', 'host0', 'host13', 'host2', 'host4', 'host11', 'host12', 'host9', 'host7', 'host3', 'host14', 'host15', 'host10', 'host5', 'host8', 'host6']	['host1']
2103	10847	300263	45	31	['host3']	['host7']	['host13']	['host9']
2104	10849	12412993883	54669207	267	['host3', 'host15', 'host4']	['host13']	['host9']	['host14']
2105	10849	3330076120	22381729	20788	['host3', 'host15', 'host4']	['host13']	['host9']	['host14']
2106	10850	3330076120	75465027	1519187	['host3', 'host15', 'host4']	['host13']	['host9']	['host14']
2107	10850	3330076120	34535296	140210	['host3', 'host15', 'host4']	['host13']	['host9']	['host14']
2108	10851	3330076120	256699941	116381430	['host3', 'host15', 'host4']	['host13']	['host9']	['host14']
2109	10852	3330076120	324207944	121901697	['host3', 'host15', 'host4']	['host13']	['host9']	['host14']
2110	10853	3330076120	239629003	115403007	['host3', 'host15', 'host4']	['host13']	['host9']	['host14']
2111	10855	3330076120	57419350	440198	['host3', 'host15', 'host4']	['host13']	['host9']	['host14']
2112	10858	252392763	132776130	73356375	['host3']	['host7']	['host13']	['host9']
2113	10864	64869579101	15660606183	13445880030	['host3', 'host15', 'host4']	['host13', 'host14', 'host12', 'host3', 'host8', 'host0', 'host15', 'host6', 'host7', 'host1', 'host5', 'host4', 'host10', 'host2', 'host9', 'host11']	['host1', 'host0', 'host13', 'host2', 'host4', 'host11', 'host12', 'host9', 'host7', 'host3', 'host14', 'host15', 'host10', 'host5', 'host8', 'host6']	['host1']
2114	10864	15290879	20220505	106895	['host3']	['host7']	['host13']	['host9']
2115	10870	668127400	136	261	['host3', 'host15']	['host13']	['host9']	['host14']
2116	10871	668127400	87685750	269	['host3', 'host15']	['host13']	['host9']	['host14']
2117	10871	632	408	268436375	['host3']	['host7']	['host13']	['host9']
2118	10871	21504456061	2064711870	275	['host3', 'host15', 'host4']	['host13', 'host14', 'host12', 'host3', 'host8', 'host0', 'host15']	['host2']	['host8']
2119	10871	668127400	70811957	266	['host3', 'host15']	['host13']	['host9']	['host14']
2120	10871	668127400	278551947	270	['host3', 'host15']	['host13']	['host9']	['host14']
2121	10873	1618578837	1087510098	146217024	['host3', 'host15', 'host4']	['host13', 'host14', 'host12', 'host3']	['host7']	['host2']
2122	10897	4233153	37	244	['host3']	['host7']	['host13']	['host9']
2123	10904	33561187677	8085	245	['host3', 'host15', 'host4']	['host13']	['host9']	['host14']
2124	10914	632	407	268436375	['host3']	['host7']	['host13']	['host9']
2125	10915	33991030	1781849	1121283	['host3']	['host7']	['host13']	['host9']
2126	10917	84509878	174062025	1502	['host3']	['host7']	['host13']	['host9']
2127	10927	3551811	20044	31	['host3']	['host7']	['host13']	['host9']
2128	10933	34978	76816	7139	['host3']	['host7']	['host13']	['host9']
2129	10940	83347305	171305515	1063	['host3']	['host7']	['host13']	['host9']
2130	10942	18874429	139544	267	['host3']	['host7']	['host13']	['host9']
2131	10942	1231126	55000	267	['host3']	['host7']	['host13']	['host9']
2132	10942	18874429	28004953	281	['host3']	['host7']	['host13']	['host9']
2133	10942	18874429	109745	259	['host3']	['host7']	['host13']	['host9']
2134	10942	1231126	42136	259	['host3']	['host7']	['host13']	['host9']
2135	10942	1231126	19081	267	['host3']	['host7']	['host13']	['host9']
2136	10942	18874429	31921085	296	['host3']	['host7']	['host13']	['host9']
2137	10944	1231126	17068	259	['host3']	['host7']	['host13']	['host9']
2138	10944	632	409	268436375	['host3']	['host7']	['host13']	['host9']
2139	10947	18481955072	17176392455	2206577932	['host3', 'host15', 'host4']	['host13', 'host14', 'host12', 'host3', 'host8', 'host0', 'host15', 'host6', 'host7', 'host1', 'host5', 'host4', 'host10', 'host2', 'host9', 'host11']	['host1', 'host0', 'host13', 'host2', 'host4', 'host11', 'host12', 'host9']	['host5']
2140	10948	13252	22646	2489	['host3']	['host7']	['host13']	['host9']
2141	10949	1459833	39	257	['host3']	['host7']	['host13']	['host9']
2142	10949	15830	28169	2822	['host3']	['host7']	['host13']	['host9']
2143	10949	237483	550960	16599	['host3']	['host7']	['host13']	['host9']
2144	10952	104244	234643	7267	['host3']	['host7']	['host13']	['host9']
2145	10963	12287	23347	2032	['host3']	['host7']	['host13']	['host9']
2146	10969	330690	845456	20238	['host3']	['host7']	['host13']	['host9']
2147	10978	1231126	1786214	281	['host3']	['host7']	['host13']	['host9']
2148	10980	18874429	436616	267	['host3']	['host7']	['host13']	['host9']
2149	10981	18874429	313659	259	['host3']	['host7']	['host13']	['host9']
2150	10982	916738	779279	220107	['host3']	['host7']	['host13']	['host9']
2151	10983	632	407	268436375	['host3']	['host7']	['host13']	['host9']
2152	10983	1231126	2004399	293	['host3']	['host7']	['host13']	['host9']
2153	10987	4017150	1805579	1316538	['host3']	['host7']	['host13']	['host9']
2154	10988	280895	689733	17511	['host3']	['host7']	['host13']	['host9']
2155	10989	4231333	38	258	['host3']	['host7']	['host13']	['host9']
2156	10993	45952540	5791922	1733850	['host3']	['host7']	['host13']	['host9']
2157	10999	26219089550	6072	258	['host3', 'host15', 'host4']	['host13']	['host9']	['host14']
2158	11000	3330076120	38842430	159693	['host3', 'host15', 'host4']	['host13']	['host9']	['host14']
2159	11000	3330076120	287222601	118401630	['host3', 'host15', 'host4']	['host13']	['host9']	['host14']
2160	11004	23647325	640328	278691	['host3']	['host7']	['host13']	['host9']
2161	11006	3330076120	260649888	116662388	['host3', 'host15', 'host4']	['host13']	['host9']	['host14']
2162	11007	3330076120	79468987	1751438	['host3', 'host15', 'host4']	['host13']	['host9']	['host14']
2163	11008	3330076120	331322870	122582776	['host3', 'host15', 'host4']	['host13']	['host9']	['host14']
2164	11016	5396	4627	2985	['host3']	['host7']	['host13']	['host9']
2165	11018	3330076120	24903735	34548	['host3', 'host15', 'host4']	['host13']	['host9']	['host14']
2166	11018	1140213	2826685	26562	['host3']	['host7']	['host13']	['host9']
2167	11024	3330076120	61491020	660381	['host3', 'host15', 'host4']	['host13']	['host9']	['host14']
2168	11025	1238065	1761132	444846	['host3']	['host7']	['host13']	['host9']
2169	11027	3330076120	247737230	116426425	['host3', 'host15', 'host4']	['host13']	['host9']	['host14']
2170	11029	19973576112	1533613	600010	['host3', 'host15', 'host4']	['host13']	['host9']	['host14']
2171	11039	632	407	268436375	['host3']	['host7']	['host13']	['host9']
2172	11039	108990093	198819776	8865458	['host3']	['host7']	['host13']	['host9']
2173	11039	4030413	2707302	1741939	['host3']	['host7']	['host13']	['host9']
2174	11039	870902334155	170224	30	['host3', 'host15', 'host4']	['host13']	['host9']	['host14']
2175	11039	3330076120	290994303	119543114	['host3', 'host15', 'host4']	['host13']	['host9']	['host14']
2176	11040	3086191853	207271268	2651	['host3', 'host15', 'host4']	['host13']	['host9']	['host14']
2177	11050	3330076120	41964741	238676	['host3', 'host15', 'host4']	['host13']	['host9']	['host14']
2178	11056	2299548	4720	3079	['host3']	['host7']	['host13']	['host9']
2179	11058	2403623	1482114	29513	['host3']	['host7']	['host13']	['host9']
2180	11067	2428	553	384	['host3']	['host7']	['host13']	['host9']
2181	11071	1865892	3636300	568680	['host3']	['host7']	['host13']	['host9']
2182	11084	3330076120	264907461	117720233	['host3', 'host15', 'host4']	['host13']	['host9']	['host14']
2183	11088	632	408	268436375	['host3']	['host7']	['host13']	['host9']
2184	11094	33561187677	8329	247	['host3', 'host15', 'host4']	['host13']	['host9']	['host14']
2185	11102	558012024	37254317	1963384	['host3', 'host15']	['host13']	['host9']	['host14']
2186	11122	83058808	207486445	5614590	['host3']	['host7']	['host13']	['host9']
2187	11123	12147731	8582162	41552	['host3']	['host7']	['host13']	['host9']
2188	11124	133578	271396	42052	['host3']	['host7']	['host13']	['host9']
2189	11129	4017150	1805583	1338720	['host3']	['host7']	['host13']	['host9']
2190	11134	4681903432	16542686343	272091310	['host3', 'host15', 'host4']	['host13', 'host14', 'host12', 'host3', 'host8', 'host0', 'host15', 'host6', 'host7', 'host1', 'host5', 'host4', 'host10', 'host2', 'host9', 'host11']	['host1']	['host13']
2191	11134	15819060	20129085	105625	['host3']	['host7']	['host13']	['host9']
2192	11139	4233153	37	244	['host3']	['host7']	['host13']	['host9']
2193	11142	632	408	268436375	['host3']	['host7']	['host13']	['host9']
2194	11147	26985	49685	3809	['host3']	['host7']	['host13']	['host9']
2195	11154	5750	672248	388948	['host3']	['host7']	['host13']	['host9']
2196	11165	2041	2020	1610	['host3']	['host7']	['host13']	['host9']
2197	11166	1310932	3365333	29671	['host3']	['host7']	['host13']	['host9']
2198	11171	568948	641387	392268	['host3']	['host7']	['host13']	['host9']
2199	11173	495538	1245113	22091	['host3']	['host7']	['host13']	['host9']
2200	11176	2993582217	1252933870	253759317	['host3', 'host15', 'host4']	['host13', 'host14', 'host12', 'host3']	['host7']	['host2']
2201	11182	4219403	52	279	['host3']	['host7']	['host13']	['host9']
2202	11225	178837	420974	10405	['host3']	['host7']	['host13']	['host9']
2203	11236	632	390	268436375	['host3']	['host7']	['host13']	['host9']
2204	11248	66571104863	1131589427	11404269	['host3', 'host15', 'host4']	['host13', 'host14', 'host12', 'host3']	['host7']	['host2']
2205	11251	196910061291	14531451564	281818719	['host3', 'host15', 'host4']	['host13', 'host14', 'host12', 'host3', 'host8', 'host0', 'host15', 'host6', 'host7', 'host1', 'host5', 'host4', 'host10', 'host2', 'host9', 'host11']	['host1']	['host13']
2206	11280	3330076120	83903400	2450482	['host3', 'host15', 'host4']	['host13']	['host9']	['host14']
2207	11303	3330076120	332222519	124128475	['host3', 'host15', 'host4']	['host13']	['host9']	['host14']
2208	11344	3330076120	26739066	38374	['host3', 'host15', 'host4']	['host13']	['host9']	['host14']
2209	11344	87739034	180566585	17470	['host3']	['host7']	['host13']	['host9']
2210	11344	632	409	268436375	['host3']	['host7']	['host13']	['host9']
2211	11348	1704	262	722	['host3']	['host7']	['host13']	['host9']
2212	11352	9114369	37	244	['host3']	['host7']	['host13']	['host9']
2213	11376	4233153	37	244	['host3']	['host7']	['host13']	['host9']
2214	11381	87164523	179116618	6651	['host3']	['host7']	['host13']	['host9']
2215	11385	3330076120	246210767	116615926	['host3', 'host15', 'host4']	['host13']	['host9']	['host14']
2216	11405	89245277	183502374	26653	['host3']	['host7']	['host13']	['host9']
2217	11410	23232576682	75651359549	52071253333	['host3', 'host15', 'host4']	['host13', 'host14', 'host12', 'host3', 'host8', 'host0', 'host15', 'host6', 'host7', 'host1', 'host5', 'host4', 'host10', 'host2', 'host9', 'host11']	['host1', 'host0', 'host13', 'host2', 'host4', 'host11', 'host12', 'host9', 'host7', 'host3', 'host14', 'host15', 'host10', 'host5', 'host8', 'host6']	['host1']
2218	11426	300263	45	31	['host3']	['host7']	['host13']	['host9']
2219	11463	86434441	178637696	2444	['host3']	['host7']	['host13']	['host9']
2220	11463	632	409	268436375	['host3']	['host7']	['host13']	['host9']
2221	11481	104849354895	22157609381	7269969248	['host3', 'host15', 'host4']	['host13', 'host14', 'host12', 'host3', 'host8', 'host0', 'host15', 'host6', 'host7', 'host1', 'host5', 'host4', 'host10', 'host2', 'host9', 'host11']	['host1', 'host0', 'host13', 'host2', 'host4', 'host11', 'host12', 'host9', 'host7', 'host3', 'host14', 'host15', 'host10', 'host5', 'host8', 'host6']	['host1']
2222	11484	6085380214	881182620	462990719	['host3', 'host15', 'host4']	['host13', 'host14', 'host12']	['host11']	['host7']
2223	11489	104328473233	182389322	245	['host3', 'host15', 'host4']	['host13']	['host9']	['host14']
2224	11491	15513679898	2277	247	['host3', 'host15', 'host4']	['host13']	['host9']	['host14']
2225	11492	383311	325610	100992	['host3']	['host7']	['host13']	['host9']
2226	11499	3330076120	63606316	730780	['host3', 'host15', 'host4']	['host13']	['host9']	['host14']
2227	11502	17980518	2244975	2318013	['host3']	['host7']	['host13']	['host9']
2228	11503	29026	57875	4159	['host3']	['host7']	['host13']	['host9']
2229	11504	632	409	268436375	['host3']	['host7']	['host13']	['host9']
2230	11506	3330076120	296753942	120018143	['host3', 'host15', 'host4']	['host13']	['host9']	['host14']
2231	11509	33991030	3213461	1952267	['host3']	['host7']	['host13']	['host9']
2232	11509	119327	279850	8284	['host3']	['host7']	['host13']	['host9']
2233	11511	10026989	296517	129109	['host3']	['host7']	['host13']	['host9']
2234	11518	1839640	4656441	28906	['host3']	['host7']	['host13']	['host9']
2235	11521	78183457432	1120860448	13165241	['host3', 'host15', 'host4']	['host13', 'host14', 'host12', 'host3']	['host7']	['host2']
2236	11523	89689507	185315835	29032	['host3']	['host7']	['host13']	['host9']
2237	11527	2298173	2276	5643	['host3']	['host7']	['host13']	['host9']
2238	11527	3330076120	42927180	259994	['host3', 'host15', 'host4']	['host13']	['host9']	['host14']
2239	11529	547	84	279	['host3']	['host7']	['host13']	['host9']
2240	11530	785099	1355698	10716	['host3']	['host7']	['host13']	['host9']
2241	11533	293793920	231373420	274320764	['host3']	['host7']	['host13']	['host9']
2242	11539	4982236306	1722152	281191	['host3', 'host15', 'host4']	['host13']	['host9']	['host14']
2243	11546	632	410	268436375	['host3']	['host7']	['host13']	['host9']
2244	11548	3750339	8282	31	['host3']	['host7']	['host13']	['host9']
2245	11555	135397055	5599016	34042529	['host3']	['host7']	['host13']	['host9']
2246	11555	93517041	61029	50781	['host3']	['host7']	['host13']	['host9']
2247	11556	2425805	4710992	3705	['host3']	['host7']	['host13']	['host9']
2248	11559	3154111795	3752406800	626029676	['host3', 'host15', 'host4']	['host13', 'host14', 'host12', 'host3', 'host8', 'host0', 'host15', 'host6', 'host7', 'host1', 'host5', 'host4', 'host10']	['host1', 'host2']	['host5']
2249	11560	33561187677	68475597	245	['host3', 'host15', 'host4']	['host13']	['host9']	['host14']
2250	11561	15229400	18723338	106369	['host3']	['host7']	['host13']	['host9']
2251	11561	317441	1279	1820526	['host3']	['host7']	['host13']	['host9']
2252	11565	3330076120	274702078	118050170	['host3', 'host15', 'host4']	['host13']	['host9']	['host14']
2253	11568	54962481759	70005753096	11128109	['host3', 'host15', 'host4']	['host13', 'host14', 'host12', 'host3', 'host8', 'host0', 'host15', 'host6', 'host7', 'host1', 'host5', 'host4', 'host10', 'host2', 'host9', 'host11']	['host1']	['host13']
2254	11568	3330076120	86566451	2656940	['host3', 'host15', 'host4']	['host13']	['host9']	['host14']
2255	11568	547	84	55	['host3']	['host7']	['host13']	['host9']
2256	11570	3330076120	347551209	124783612	['host3', 'host15', 'host4']	['host13']	['host9']	['host14']
2257	11575	116160238207	64393859544	220352944	['host3', 'host15', 'host4']	['host13', 'host14', 'host12', 'host3', 'host8', 'host0', 'host15', 'host6', 'host7', 'host1', 'host5', 'host4', 'host10', 'host2', 'host9', 'host11']	['host1']	['host13']
2258	11580	3330076120	26328405	40136	['host3', 'host15', 'host4']	['host13']	['host9']	['host14']
2259	11585	632	410	268436375	['host3']	['host7']	['host13']	['host9']
2260	11588	1325150937	249272414	234549056	['host3', 'host15', 'host4']	['host13']	['host9']	['host14']
2261	11597	1509837214	1466885192	240834371	['host3', 'host15', 'host4']	['host13', 'host14', 'host12', 'host3', 'host8']	['host7']	['host2']
2262	11601	2394805752	2179439219	5385997	['host3', 'host15', 'host4']	['host13', 'host14', 'host12', 'host3', 'host8', 'host0', 'host15', 'host6']	['host8']	['host14']
2263	11602	3998127	4273573	570	['host3']	['host7']	['host13']	['host9']
2264	11605	24703262	67101761	6870748	['host3']	['host7']	['host13']	['host9']
2265	11616	4233153	37	244	['host3']	['host7']	['host13']	['host9']
2266	11626	3330076120	243782369	116438120	['host3', 'host15', 'host4']	['host13']	['host9']	['host14']
2267	11628	632	411	268436375	['host3']	['host7']	['host13']	['host9']
2268	11634	1579584052	1996670014	7904617	['host3', 'host15', 'host4']	['host13', 'host14', 'host12', 'host3', 'host8', 'host0', 'host15']	['host2']	['host8']
2269	11636	28053	10589	4651	['host3']	['host7']	['host13']	['host9']
2270	11640	549814	1435497	24555	['host3']	['host7']	['host13']	['host9']
2271	11640	6755873950	4598318437	596387133	['host3', 'host15', 'host4']	['host13', 'host14', 'host12', 'host3', 'host8', 'host0', 'host15', 'host6', 'host7', 'host1', 'host5', 'host4', 'host10', 'host2', 'host9', 'host11']	['host1', 'host0']	['host13']
2272	11641	17754684969	14750283325	1744676652	['host3', 'host15', 'host4']	['host13', 'host14', 'host12', 'host3', 'host8', 'host0', 'host15', 'host6', 'host7', 'host1', 'host5', 'host4', 'host10', 'host2', 'host9', 'host11']	['host1', 'host0', 'host13', 'host2', 'host4', 'host11']	['host3']
2273	11643	39032586	38636292	28155835	['host3']	['host7']	['host13']	['host9']
2274	11661	36276078123	10228067435	97252732	['host3', 'host15', 'host4']	['host13', 'host14', 'host12', 'host3', 'host8', 'host0', 'host15', 'host6', 'host7', 'host1', 'host5', 'host4', 'host10', 'host2', 'host9', 'host11']	['host1']	['host13']
2275	11679	2081095730	627981	137506	['host3', 'host15', 'host4']	['host13']	['host9']	['host14']
2276	11680	1508649876	3140608536	2075077889	['host3', 'host15', 'host4']	['host13', 'host14', 'host12', 'host3', 'host8', 'host0', 'host15', 'host6', 'host7', 'host1', 'host5']	['host13', 'host15', 'host4', 'host10', 'host2', 'host1', 'host7']	['host10']
2277	11691	195439	475451	11360	['host3']	['host7']	['host13']	['host9']
2278	11717	460455520	1068	619	['host3']	['host7']	['host13']	['host9']
2279	11729	194302857305	750265453	256	['host3', 'host15', 'host4']	['host13', 'host14']	['host14']	['host11']
2280	11731	632	413	268436375	['host3']	['host7']	['host13']	['host9']
2281	11740	14900303	160427	53538	['host3']	['host7']	['host13']	['host9']
2282	11745	31281	58759	4219	['host3']	['host7']	['host13']	['host9']
2283	11746	107363688	94189615	3917868	['host3']	['host7']	['host13']	['host9']
2284	11751	3330076120	64010092	777561	['host3', 'host15', 'host4']	['host13']	['host9']	['host14']
2285	11753	3330076120	293102854	119743682	['host3', 'host15', 'host4']	['host13']	['host9']	['host14']
2286	11771	8518	3072	1733	['host3']	['host7']	['host13']	['host9']
2287	11771	632	411	268436375	['host3']	['host7']	['host13']	['host9']
2288	11780	1991831	5101228	30945	['host3']	['host7']	['host13']	['host9']
2289	11781	1067	3592	314	['host3']	['host7']	['host13']	['host9']
2290	11783	5744844697	2575161165	57780279	['host3', 'host15', 'host4']	['host13', 'host14', 'host12', 'host3', 'host8', 'host0', 'host15', 'host6', 'host7']	['host14']	['host13']
2291	11789	309878723	271024284	56179113	['host3']	['host7']	['host13']	['host9']
2292	11810	3330076120	42310714	278978	['host3', 'host15', 'host4']	['host13']	['host9']	['host14']
2293	11816	2877556026	5412551879	815505550	['host3', 'host15', 'host4']	['host13', 'host14', 'host12', 'host3', 'host8', 'host0', 'host15', 'host6', 'host7', 'host1', 'host5', 'host4', 'host10', 'host2', 'host9', 'host11']	['host1', 'host0', 'host13']	['host13']
2294	11819	87359953	179757851	7577	['host3']	['host7']	['host13']	['host9']
2295	11819	5014983	3683544	4390176	['host3']	['host7']	['host13']	['host9']
2296	11835	698162316	84475134	2072998	['host3', 'host15']	['host13']	['host9']	['host14']
2297	11845	4219403	54	282	['host3']	['host7']	['host13']	['host9']
2298	11847	3330076120	266183507	117798140	['host3', 'host15', 'host4']	['host13']	['host9']	['host14']
2299	11854	4233153	37	244	['host3']	['host7']	['host13']	['host9']
2300	11866	451644	763744	1062	['host3']	['host7']	['host13']	['host9']
2301	11866	2324073	3521869	2992	['host3']	['host7']	['host13']	['host9']
2302	11867	829381	1267759	1060	['host3']	['host7']	['host13']	['host9']
2303	11867	763826	1143395	1260	['host3']	['host7']	['host13']	['host9']
2304	11869	22592	34442	1165	['host3']	['host7']	['host13']	['host9']
2305	11886	632	409	268436375	['host3']	['host7']	['host13']	['host9']
2306	11888	999441	38434	644	['host3']	['host7']	['host13']	['host9']
2307	11889	999441	74	286	['host3']	['host7']	['host13']	['host9']
2308	11889	88281846	181932722	16420	['host3']	['host7']	['host13']	['host9']
2309	11889	999441	1503	1401	['host3']	['host7']	['host13']	['host9']
2310	11890	999441	47390	1717	['host3']	['host7']	['host13']	['host9']
2311	11890	999441	531	672	['host3']	['host7']	['host13']	['host9']
2312	11891	999441	47396	1656	['host3']	['host7']	['host13']	['host9']
2313	11891	999441	38433	622	['host3']	['host7']	['host13']	['host9']
2314	11891	999441	18827	283	['host3']	['host7']	['host13']	['host9']
2315	11891	999441	34005	1300	['host3']	['host7']	['host13']	['host9']
2316	11892	999441	47389	1633	['host3']	['host7']	['host13']	['host9']
2317	11892	999441	34007	1291	['host3']	['host7']	['host13']	['host9']
2318	11892	999441	38429	619	['host3']	['host7']	['host13']	['host9']
2319	11893	999441	47389	1634	['host3']	['host7']	['host13']	['host9']
2320	11893	999441	2049	1786	['host3']	['host7']	['host13']	['host9']
2321	11893	999441	18827	283	['host3']	['host7']	['host13']	['host9']
2322	11893	999441	34009	1359	['host3']	['host7']	['host13']	['host9']
2323	11893	999441	38437	618	['host3']	['host7']	['host13']	['host9']
2324	11894	1528	1661	1043	['host3']	['host7']	['host13']	['host9']
2325	11894	999441	18827	285	['host3']	['host7']	['host13']	['host9']
2326	11895	999441	18827	283	['host3']	['host7']	['host13']	['host9']
2327	11901	999441	34007	1315	['host3']	['host7']	['host13']	['host9']
2328	11902	1433	1710	915	['host3']	['host7']	['host13']	['host9']
2329	11905	3260	4024	2836	['host3']	['host7']	['host13']	['host9']
2330	11906	1330	1617	917	['host3']	['host7']	['host13']	['host9']
2331	11908	1328	1468	875	['host3']	['host7']	['host13']	['host9']
2332	11909	550	82	282	['host3']	['host7']	['host13']	['host9']
2333	11915	4006769321	5247920917	1868769	['host3', 'host15', 'host4']	['host13', 'host14', 'host12', 'host3', 'host8', 'host0', 'host15', 'host6', 'host7', 'host1', 'host5', 'host4', 'host10', 'host2', 'host9', 'host11']	['host1']	['host13']
2334	11922	11318348	12457743	8322085	['host3']	['host7']	['host13']	['host9']
2335	11923	1985	2216	556	['host3']	['host7']	['host13']	['host9']
2336	11923	940	600	264	['host3']	['host7']	['host13']	['host9']
2337	11924	262091623	181114512	3335574	['host3']	['host7']	['host13']	['host9']
2338	11924	1669	1656	443	['host3']	['host7']	['host13']	['host9']
2339	11924	3330076120	85780797	2758748	['host3', 'host15', 'host4']	['host13']	['host9']	['host14']
2340	11924	14230838934	137563266	34687107	['host3', 'host15', 'host4']	['host13']	['host9']	['host14']
2341	11925	132381937981	18543199031	297427	['host3', 'host15', 'host4']	['host13', 'host14', 'host12', 'host3', 'host8', 'host0', 'host15', 'host6', 'host7', 'host1', 'host5', 'host4', 'host10', 'host2', 'host9', 'host11']	['host1']	['host13']
2342	11925	890	556	190	['host3']	['host7']	['host13']	['host9']
2343	11926	1901	2147	479	['host3']	['host7']	['host13']	['host9']
2344	11927	912	580	212	['host3']	['host7']	['host13']	['host9']
2345	11928	2054	2270	670	['host3']	['host7']	['host13']	['host9']
2346	11928	164915375822	7240950	44744	['host3', 'host15', 'host4']	['host13']	['host9']	['host14']
2347	11928	551	77	49	['host3']	['host7']	['host13']	['host9']
2348	11928	554	77	62	['host3']	['host7']	['host13']	['host9']
2349	11928	1924	2152	488	['host3']	['host7']	['host13']	['host9']
2350	11929	1559	1584	321	['host3']	['host7']	['host13']	['host9']
2351	11929	14863592	10248101	3070726	['host3']	['host7']	['host13']	['host9']
2352	11929	632	388	268436375	['host3']	['host7']	['host13']	['host9']
2353	11930	1568	1586	324	['host3']	['host7']	['host13']	['host9']
2354	11931	1583	1594	327	['host3']	['host7']	['host13']	['host9']
2355	11931	887	550	178	['host3']	['host7']	['host13']	['host9']
2356	11932	886	545	186	['host3']	['host7']	['host13']	['host9']
2357	11933	553	73	53	['host3']	['host7']	['host13']	['host9']
2358	11934	551	77	50	['host3']	['host7']	['host13']	['host9']
2359	11936	551	77	50	['host3']	['host7']	['host13']	['host9']
2360	11938	1627	1636	379	['host3']	['host7']	['host13']	['host9']
2361	11943	1441843771	1731498035	49202422	['host3', 'host15', 'host4']	['host13', 'host14', 'host12', 'host3', 'host8', 'host0']	['host7']	['host2']
2362	11943	158411	22392	12214	['host3']	['host7']	['host13']	['host9']
2363	11943	14258994960	913124192	39844228	['host3', 'host15', 'host4']	['host13', 'host14', 'host12']	['host11']	['host7']
2364	11945	209125	493344	10844	['host3']	['host7']	['host13']	['host9']
2365	11954	550	86	56	['host3']	['host7']	['host13']	['host9']
2366	11959	584530	1451637	22415	['host3']	['host7']	['host13']	['host9']
2367	11972	999441	62	281	['host3']	['host7']	['host13']	['host9']
2368	11973	632	412	268436375	['host3']	['host7']	['host13']	['host9']
2369	11980	90048602	185335875	31179	['host3']	['host7']	['host13']	['host9']
2370	11981	999441	407	566	['host3']	['host7']	['host13']	['host9']
2371	11983	999441	1132	1084	['host3']	['host7']	['host13']	['host9']
2372	11986	1902	2127	468	['host3']	['host7']	['host13']	['host9']
2373	11988	262039399	119687391	474	['host3']	['host7']	['host13']	['host9']
2374	11988	262039399	119690482	661	['host3']	['host7']	['host13']	['host9']
2375	11991	262039399	119618996	287	['host3']	['host7']	['host13']	['host9']
2376	11993	262039399	119674626	10768	['host3']	['host7']	['host13']	['host9']
2377	11993	262039399	119727959	814	['host3']	['host7']	['host13']	['host9']
2378	11995	262039399	119631761	6534	['host3']	['host7']	['host13']	['host9']
2379	11995	4719034246	16723640406	432109723	['host3', 'host15', 'host4']	['host13', 'host14', 'host12', 'host3', 'host8', 'host0', 'host15', 'host6', 'host7', 'host1', 'host5', 'host4', 'host10', 'host2', 'host9', 'host11']	['host1']	['host13']
2380	11995	999441	1566	1391	['host3']	['host7']	['host13']	['host9']
2381	11997	262039399	238932005	16150	['host3']	['host7']	['host13']	['host9']
2382	11997	3330076120	335051258	124529738	['host3', 'host15', 'host4']	['host13']	['host9']	['host14']
2383	11997	262039399	119674626	10772	['host3']	['host7']	['host13']	['host9']
2384	11999	262039399	119727959	17651	['host3']	['host7']	['host13']	['host9']
2385	11999	164915375822	7241562	44744	['host3', 'host15', 'host4']	['host13']	['host9']	['host14']
2386	12000	93090298	192729309	32094	['host3']	['host7']	['host13']	['host9']
2387	12000	262039399	119631761	6536	['host3']	['host7']	['host13']	['host9']
2388	12000	262039399	119690482	16166	['host3']	['host7']	['host13']	['host9']
2389	12000	262039399	119674626	10739	['host3']	['host7']	['host13']	['host9']
2390	12001	262039399	119727959	17692	['host3']	['host7']	['host13']	['host9']
2391	12002	262039399	119690482	16132	['host3']	['host7']	['host13']	['host9']
2392	12003	262039399	238873284	6536	['host3']	['host7']	['host13']	['host9']
2393	12008	549	70	51	['host3']	['host7']	['host13']	['host9']
2394	12010	3330076120	27028301	44720	['host3', 'host15', 'host4']	['host13']	['host9']	['host14']
2395	12022	19882168	462559	189713	['host3']	['host7']	['host13']	['host9']
2396	12022	632	393	268436375	['host3']	['host7']	['host13']	['host9']
2397	12023	834	510	226	['host3']	['host7']	['host13']	['host9']
2398	12024	93574278	193868155	33382	['host3']	['host7']	['host13']	['host9']
2399	12025	86536469	177954000	6962	['host3']	['host7']	['host13']	['host9']
2400	12025	568908493	1901350294	92702254	['host3', 'host15']	['host13', 'host14', 'host12', 'host3', 'host8', 'host0', 'host15']	['host2']	['host8']
2401	12025	3330076120	251835678	116627246	['host3', 'host15', 'host4']	['host13']	['host9']	['host14']
2402	12025	1352	1407	607	['host3']	['host7']	['host13']	['host9']
2403	12029	31227020	4323971	1646	['host3']	['host7']	['host13']	['host9']
2404	12036	1659	1947	789	['host3']	['host7']	['host13']	['host9']
2405	12044	262039399	119715194	17689	['host3']	['host7']	['host13']	['host9']
2406	12047	33991030	1789406	1124647	['host3']	['host7']	['host13']	['host9']
2407	12053	116120924361	64277909835	119359176	['host3', 'host15', 'host4']	['host13', 'host14', 'host12', 'host3', 'host8', 'host0', 'host15', 'host6', 'host7', 'host1', 'host5', 'host4', 'host10', 'host2', 'host9', 'host11']	['host1']	['host13']
2408	12063	3556505	54	282	['host3']	['host7']	['host13']	['host9']
2409	12064	262039399	119631761	6539	['host3']	['host7']	['host13']	['host9']
2410	12064	632	408	268436375	['host3']	['host7']	['host13']	['host9']
2411	12064	3556505	53	281	['host3']	['host7']	['host13']	['host9']
2412	12075	13131803	6919368	24482	['host3']	['host7']	['host13']	['host9']
2413	12079	160598444	42062	195138434	['host3']	['host7']	['host13']	['host9']
2414	12079	21605591900	2087403765	275	['host3', 'host15', 'host4']	['host13', 'host14', 'host12', 'host3', 'host8', 'host0', 'host15']	['host2']	['host8']
2415	12079	776699939	53736996	266	['host3', 'host15']	['host13']	['host9']	['host14']
2416	12079	776699939	85666834	269	['host3', 'host15']	['host13']	['host9']	['host14']
2417	12080	776699939	136	261	['host3', 'host15']	['host13']	['host9']	['host14']
2418	12080	262039399	119674626	10774	['host3']	['host7']	['host13']	['host9']
2419	12080	776699939	271985741	270	['host3', 'host15']	['host13']	['host9']	['host14']
2420	12088	88582932	182500623	17603	['host3']	['host7']	['host13']	['host9']
2421	12094	4233153	37	244	['host3']	['host7']	['host13']	['host9']
2422	12095	23075758696	900611127	93418	['host3', 'host15', 'host4']	['host13', 'host14', 'host12']	['host11']	['host7']
2423	12097	262039399	119690482	16092	['host3']	['host7']	['host13']	['host9']
2424	12104	38466156	54253113	28281939	['host3']	['host7']	['host13']	['host9']
2425	12108	632	412	268436375	['host3']	['host7']	['host13']	['host9']
2426	12108	3330076120	64914107	853907	['host3', 'host15', 'host4']	['host13']	['host9']	['host14']
2427	12111	248039	338	156	['host3']	['host7']	['host13']	['host9']
2428	12115	78099	296	158	['host3']	['host7']	['host13']	['host9']
2429	12117	33740	68091	4588	['host3']	['host7']	['host13']	['host9']
2430	12120	88532244	182451347	24938	['host3']	['host7']	['host13']	['host9']
2431	12122	87267790	179510751	13545	['host3']	['host7']	['host13']	['host9']
2432	12124	3330076120	298270977	120208188	['host3', 'host15', 'host4']	['host13']	['host9']	['host14']
2433	12126	218224162	2793257676	957581005	['host3']	['host7', 'host4', 'host11', 'host14', 'host12', 'host3', 'host0', 'host15', 'host6', 'host8']	['host14', 'host11', 'host15']	['host1']
2434	12129	3330076120	44836376	302005	['host3', 'host15', 'host4']	['host13']	['host9']	['host14']
2435	12131	1914	1882	9943	['host3']	['host7']	['host13']	['host9']
2436	12133	61645730	53503090	1748	['host3']	['host7']	['host13']	['host9']
2437	12145	2066926	5135547	28580	['host3']	['host7']	['host13']	['host9']
2438	12154	3330076120	270488644	118116281	['host3', 'host15', 'host4']	['host13']	['host9']	['host14']
2439	12156	3330076120	88386494	2970425	['host3', 'host15', 'host4']	['host13']	['host9']	['host14']
2440	12156	550	82	282	['host3']	['host7']	['host13']	['host9']
2441	12161	549	85	281	['host3']	['host7']	['host13']	['host9']
2442	12163	87466208	180298848	8275	['host3']	['host7']	['host13']	['host9']
2443	12171	156186847598	29959936229	153220621	['host3', 'host15', 'host4']	['host13', 'host14', 'host12', 'host3', 'host8', 'host0', 'host15', 'host6', 'host7', 'host1', 'host5', 'host4', 'host10', 'host2', 'host9', 'host11']	['host1']	['host13']
2444	12177	2777195022294	654984510	9236234	['host3', 'host15', 'host4']	['host13', 'host14']	['host14']	['host11']
2445	12177	21335477	32188956	5738	['host3']	['host7']	['host13']	['host9']
2446	12178	21335477	72984	881	['host3']	['host7']	['host13']	['host9']
2447	12178	21335477	34151499	6402	['host3']	['host7']	['host13']	['host9']
2448	12178	21335477	31650003	5137	['host3']	['host7']	['host13']	['host9']
2449	12179	21335477	6920	809	['host3']	['host7']	['host13']	['host9']
2450	12184	21335477	34222868	7549	['host3']	['host7']	['host13']	['host9']
2451	12184	21335477	234	191	['host3']	['host7']	['host13']	['host9']
2452	12184	632	395	268436375	['host3']	['host7']	['host13']	['host9']
2453	12186	3330076120	350089863	125190767	['host3', 'host15', 'host4']	['host13']	['host9']	['host14']
2454	12187	3335842	3087742	2317449	['host3']	['host7']	['host13']	['host9']
2455	12190	13188104	1499	925	['host3']	['host7']	['host13']	['host9']
2456	12190	91451744	189077387	30246	['host3']	['host7']	['host13']	['host9']
2457	12192	550	86	56	['host3']	['host7']	['host13']	['host9']
2458	12194	21335477	32806794	14710	['host3']	['host7']	['host13']	['host9']
2459	12194	21335477	32558120	16862	['host3']	['host7']	['host13']	['host9']
2460	12194	21335477	35082621	5228	['host3']	['host7']	['host13']	['host9']
2461	12195	21335477	71317	191	['host3']	['host7']	['host13']	['host9']
2462	12196	89839222	185356716	29298	['host3']	['host7']	['host13']	['host9']
2463	12196	549	85	56	['host3']	['host7']	['host13']	['host9']
2464	12199	6262689795	23439554008	218036895	['host3', 'host15', 'host4']	['host13', 'host14', 'host12', 'host3', 'host8', 'host0', 'host15', 'host6', 'host7', 'host1', 'host5', 'host4', 'host10', 'host2', 'host9', 'host11']	['host1']	['host13']
2465	12218	11036	14510	449	['host3']	['host7']	['host13']	['host9']
2466	12219	6802	8854	286	['host3']	['host7']	['host13']	['host9']
2467	12220	156186847598	35979123740	388116659	['host3', 'host15', 'host4']	['host13', 'host14', 'host12', 'host3', 'host8', 'host0', 'host15', 'host6', 'host7', 'host1', 'host5', 'host4', 'host10', 'host2', 'host9', 'host11']	['host1']	['host13']
2468	12222	16400	22399	599	['host3']	['host7']	['host13']	['host9']
2469	12223	16434	22401	600	['host3']	['host7']	['host13']	['host9']
2470	12223	11040	14506	448	['host3']	['host7']	['host13']	['host9']
2471	12224	80226	360225	92311	['host3']	['host7']	['host13']	['host9']
2472	12228	6804	8854	287	['host3']	['host7']	['host13']	['host9']
2473	12229	1082	708	797	['host3']	['host7']	['host13']	['host9']
2474	12230	6804	8854	287	['host3']	['host7']	['host13']	['host9']
2475	12233	30473743	3019229	1737	['host3']	['host7']	['host13']	['host9']
2476	12237	16418	22397	597	['host3']	['host7']	['host13']	['host9']
2477	12238	742	285	470	['host3']	['host7']	['host13']	['host9']
2478	12240	555	74	290	['host3']	['host7']	['host13']	['host9']
2479	12241	17960	24831	730	['host3']	['host7']	['host13']	['host9']
2480	12242	91949170	190388019	32357	['host3']	['host7']	['host13']	['host9']
2481	12243	11007	14510	448	['host3']	['host7']	['host13']	['host9']
2482	12245	555	81	53	['host3']	['host7']	['host13']	['host9']
2483	12246	929	504	649	['host3']	['host7']	['host13']	['host9']
2484	12246	632	410	268436375	['host3']	['host7']	['host13']	['host9']
2485	12247	639942	1651692	24788	['host3']	['host7']	['host13']	['host9']
2486	12249	1640129	2888763	1210943	['host3']	['host7']	['host13']	['host9']
2487	12257	17919	24829	725	['host3']	['host7']	['host13']	['host9']
2488	12258	717	298	122	['host3']	['host7']	['host13']	['host9']
2489	12258	1250766135	462547608	17098157	['host3', 'host15', 'host4']	['host13']	['host9']	['host14']
2490	12259	716	295	120	['host3']	['host7']	['host13']	['host9']
2491	12261	867	531	173	['host3']	['host7']	['host13']	['host9']
2492	12262	554	81	53	['host3']	['host7']	['host13']	['host9']
2493	12264	868	524	179	['host3']	['host7']	['host13']	['host9']
2494	12265	1065	766	325	['host3']	['host7']	['host13']	['host9']
2495	12269	555	81	53	['host3']	['host7']	['host13']	['host9']
2496	12279	738	314	157	['host3']	['host7']	['host13']	['host9']
2497	12279	558	81	64	['host3']	['host7']	['host13']	['host9']
2498	12280	17957	24829	729	['host3']	['host7']	['host13']	['host9']
2499	12280	865	526	174	['host3']	['host7']	['host13']	['host9']
2500	12280	716	298	121	['host3']	['host7']	['host13']	['host9']
2501	12280	998	710	233	['host3']	['host7']	['host13']	['host9']
2502	12282	457215176	446757097	107859290	['host3']	['host7']	['host13']	['host9']
2503	12286	917	573	253	['host3']	['host7']	['host13']	['host9']
2504	12286	86323886	176820989	6261	['host3']	['host7']	['host13']	['host9']
2505	12291	225856	556529	11791	['host3']	['host7']	['host13']	['host9']
2506	12292	632	412	268436375	['host3']	['host7']	['host13']	['host9']
2507	12297	198259433675	3167180526	1890525	['host3', 'host15', 'host4']	['host13', 'host14', 'host12', 'host3', 'host8', 'host0', 'host15', 'host6', 'host7', 'host1', 'host5']	['host13']	['host7']
2508	12298	993	707	233	['host3']	['host7']	['host13']	['host9']
2509	12299	4223055	52	279	['host3']	['host7']	['host13']	['host9']
2510	12300	11042	14510	460	['host3']	['host7']	['host13']	['host9']
2511	12300	2016	1999	11320	['host3']	['host7']	['host13']	['host9']
2512	12303	132381937981	16718492729	268085	['host3', 'host15', 'host4']	['host13', 'host14', 'host12', 'host3', 'host8', 'host0', 'host15', 'host6', 'host7', 'host1', 'host5', 'host4', 'host10', 'host2', 'host9', 'host11']	['host1']	['host13']
2513	12309	88786024	183665017	27339	['host3']	['host7']	['host13']	['host9']
2514	12313	6807	8854	289	['host3']	['host7']	['host13']	['host9']
2515	12314	2226648	5699889	30588	['host3']	['host7']	['host13']	['host9']
2516	12316	16360	22400	622	['host3']	['host7']	['host13']	['host9']
2517	12321	997	711	240	['host3']	['host7']	['host13']	['host9']
2518	12336	4233153	33	244	['host3']	['host7']	['host13']	['host9']
2519	12338	632	411	268436375	['host3']	['host7']	['host13']	['host9']
2520	12339	2005	1984	9378	['host3']	['host7']	['host13']	['host9']
2521	12344	728	311	133	['host3']	['host7']	['host13']	['host9']
2522	12352	557	81	57	['host3']	['host7']	['host13']	['host9']
2523	12356	890	557	195	['host3']	['host7']	['host13']	['host9']
2524	12364	280330968	28503917	178220010	['host3']	['host7']	['host13']	['host9']
2525	12367	87359929	179525849	8049	['host3']	['host7']	['host13']	['host9']
2526	12369	547	84	279	['host3']	['host7']	['host13']	['host9']
2527	12372	267082	100157	8065	['host3']	['host7']	['host13']	['host9']
2528	12379	1259920970	4481262406	2913134908	['host3', 'host15', 'host4']	['host13', 'host14', 'host12', 'host3', 'host8', 'host0', 'host15', 'host6', 'host7', 'host1', 'host5', 'host4', 'host10', 'host2', 'host9', 'host11']	['host1', 'host0', 'host13', 'host2', 'host4', 'host11', 'host12', 'host9', 'host7', 'host3']	['host3']
2529	12381	632	409	268436375	['host3']	['host7']	['host13']	['host9']
2530	12386	88366176	182069809	16777	['host3']	['host7']	['host13']	['host9']
2531	12389	50496912	673	717	['host3']	['host7']	['host13']	['host9']
2532	12399	93383909	193379154	31925	['host3']	['host7']	['host13']	['host9']
2533	12409	547	84	55	['host3']	['host7']	['host13']	['host9']
2534	12412	13675767386	1705	240	['host3', 'host15', 'host4']	['host13']	['host9']	['host14']
2535	12418	5666104419	14097284763	5293585162	['host3', 'host15', 'host4']	['host13', 'host14', 'host12', 'host3', 'host8', 'host0', 'host15', 'host6', 'host7', 'host1', 'host5', 'host4', 'host10', 'host2', 'host9', 'host11']	['host1', 'host0', 'host13', 'host2', 'host4', 'host11', 'host12', 'host9', 'host7', 'host3', 'host14', 'host15', 'host10', 'host5', 'host8', 'host6']	['host1']
2536	12421	632	412	268436375	['host3']	['host7']	['host13']	['host9']
2537	12438	32813420	18636	34509897	['host3']	['host7']	['host13']	['host9']
2538	12444	4302478	5742845	2592194	['host3']	['host7']	['host13']	['host9']
2539	12463	632	411	268436375	['host3']	['host7']	['host13']	['host9']
2540	12476	6817215456	4267279595	488888109	['host3', 'host15', 'host4']	['host13', 'host14', 'host12', 'host3', 'host8', 'host0', 'host15', 'host6', 'host7', 'host1', 'host5', 'host4', 'host10', 'host2', 'host9']	['host10']	['host1']
2541	12485	87478442	180262180	14868	['host3']	['host7']	['host13']	['host9']
2542	12488	4223055	54	281	['host3']	['host7']	['host13']	['host9']
2543	12508	632	412	268436375	['host3']	['host7']	['host13']	['host9']
2544	12547	632	389	268436375	['host3']	['host7']	['host13']	['host9']
2545	12549	5509396	1714	9402	['host3']	['host7']	['host13']	['host9']
2546	12550	5509396	1714	9402	['host3']	['host7']	['host13']	['host9']
2547	12550	5558658	2109	10181	['host3']	['host7']	['host13']	['host9']
2548	12550	3330076120	25894208	44755	['host3', 'host15', 'host4']	['host13']	['host9']	['host14']
2549	12551	3330076120	63036630	796311	['host3', 'host15', 'host4']	['host13']	['host9']	['host14']
2550	12551	3330076120	245527646	116578502	['host3', 'host15', 'host4']	['host13']	['host9']	['host14']
2551	12555	5558658	1935	10365	['host3']	['host7']	['host13']	['host9']
2552	12557	556564859	9350375	272	['host3', 'host15']	['host13']	['host9']	['host14']
2553	12560	1837118175	3360109368	1625041970	['host3', 'host15', 'host4']	['host13', 'host14', 'host12', 'host3', 'host8', 'host0', 'host15', 'host6', 'host7', 'host1', 'host5', 'host4']	['host7', 'host4', 'host10', 'host2', 'host1', 'host13']	['host10']
2554	12562	549	86	281	['host3']	['host7']	['host13']	['host9']
2555	12580	4233153	37	244	['host3']	['host7']	['host13']	['host9']
2556	12583	1325150937	235021897	234555572	['host3', 'host15', 'host4']	['host13']	['host9']	['host14']
2557	12594	4601360055	5321519465	5568	['host3', 'host15', 'host4']	['host13', 'host14', 'host12', 'host3', 'host8', 'host0', 'host15', 'host6', 'host7', 'host1', 'host5', 'host4', 'host10', 'host2', 'host9', 'host11']	['host1']	['host13']
2558	12596	87937800817	13456259771	2068845	['host3', 'host15', 'host4']	['host13', 'host14', 'host12', 'host3', 'host8', 'host0', 'host15', 'host6', 'host7', 'host1', 'host5', 'host4', 'host10', 'host2', 'host9', 'host11']	['host1']	['host13']
2559	12596	633	143	335	['host3']	['host7']	['host13']	['host9']
2560	12597	262039399	119677717	532	['host3']	['host7']	['host13']	['host9']
2561	12597	262039399	119674626	426	['host3']	['host7']	['host13']	['host9']
2562	12597	262039399	119618996	277	['host3']	['host7']	['host13']	['host9']
2563	12598	557	71	283	['host3']	['host7']	['host13']	['host9']
2564	12598	593	120	314	['host3']	['host7']	['host13']	['host9']
2565	12599	633	143	335	['host3']	['host7']	['host13']	['host9']
2566	12600	597	114	316	['host3']	['host7']	['host13']	['host9']
2567	12600	593	112	314	['host3']	['host7']	['host13']	['host9']
2568	12600	3731462270	482352863	2104	['host3', 'host15', 'host4']	['host13']	['host9']	['host14']
2569	12600	597	118	316	['host3']	['host7']	['host13']	['host9']
2570	12601	262039399	119715194	17750	['host3']	['host7']	['host13']	['host9']
2571	12601	633	131	335	['host3']	['host7']	['host13']	['host9']
2572	12602	557	91	283	['host3']	['host7']	['host13']	['host9']
2573	12602	597	122	316	['host3']	['host7']	['host13']	['host9']
2574	12602	593	120	314	['host3']	['host7']	['host13']	['host9']
2575	12602	557	91	283	['host3']	['host7']	['host13']	['host9']
2576	12602	593	120	314	['host3']	['host7']	['host13']	['host9']
2577	12603	262039399	119715194	671	['host3']	['host7']	['host13']	['host9']
2578	12603	116087069488	64184974219	957617	['host3', 'host15', 'host4']	['host13', 'host14', 'host12', 'host3', 'host8', 'host0', 'host15', 'host6', 'host7', 'host1', 'host5', 'host4', 'host10', 'host2', 'host9', 'host11']	['host1']	['host13']
2579	12604	8505063	1836	10101	['host3']	['host7']	['host13']	['host9']
2580	12604	597	122	316	['host3']	['host7']	['host13']	['host9']
2581	12604	3330076120	27666097	49450	['host3', 'host15', 'host4']	['host13']	['host9']	['host14']
2582	12604	8505063	1759	10102	['host3']	['host7']	['host13']	['host9']
2583	12605	3330076120	42480974	290321	['host3', 'host15', 'host4']	['host13']	['host9']	['host14']
2584	12605	549	86	57	['host3']	['host7']	['host13']	['host9']
2585	12605	24846281	454071	460	['host3']	['host7']	['host13']	['host9']
2586	12605	3330076120	65133714	870137	['host3', 'host15', 'host4']	['host13']	['host9']	['host14']
2587	12605	3330076120	298380100	120160066	['host3', 'host15', 'host4']	['host13']	['host9']	['host14']
2588	12606	3330076120	269268484	118170301	['host3', 'host15', 'host4']	['host13']	['host9']	['host14']
2589	12606	3330076120	45648852	313489	['host3', 'host15', 'host4']	['host13']	['host9']	['host14']
2590	12607	3330076120	294174536	120506404	['host3', 'host15', 'host4']	['host13']	['host9']	['host14']
2591	12607	3330076120	343966697	125348430	['host3', 'host15', 'host4']	['host13']	['host9']	['host14']
2592	12607	557	91	283	['host3']	['host7']	['host13']	['host9']
2593	12607	3330076120	86186688	2803912	['host3', 'host15', 'host4']	['host13']	['host9']	['host14']
2594	12608	3330076120	339907429	124873622	['host3', 'host15', 'host4']	['host13']	['host9']	['host14']
2595	12608	3330076120	88874303	3015188	['host3', 'host15', 'host4']	['host13']	['host9']	['host14']
2596	12608	3330076120	272162839	118389959	['host3', 'host15', 'host4']	['host13']	['host9']	['host14']
2597	12613	3330076120	248888206	117001762	['host3', 'host15', 'host4']	['host13']	['host9']	['host14']
2598	12626	56179381	78574105	31585814	['host3']	['host7']	['host13']	['host9']
2599	12631	90141703	186000998	31452	['host3']	['host7']	['host13']	['host9']
2600	12633	603	137	101	['host3']	['host7']	['host13']	['host9']
2601	12634	603	137	101	['host3']	['host7']	['host13']	['host9']
2602	12634	582	116	80	['host3']	['host7']	['host13']	['host9']
2603	12635	584	120	82	['host3']	['host7']	['host13']	['host9']
2604	12635	584	120	82	['host3']	['host7']	['host13']	['host9']
2605	12636	582	116	80	['host3']	['host7']	['host13']	['host9']
2606	12636	632	411	268436375	['host3']	['host7']	['host13']	['host9']
2607	12637	551	76	52	['host3']	['host7']	['host13']	['host9']
2608	12637	603	137	101	['host3']	['host7']	['host13']	['host9']
2609	12638	582	116	80	['host3']	['host7']	['host13']	['host9']
2610	12638	551	76	52	['host3']	['host7']	['host13']	['host9']
2611	12639	93950076	194653762	33156	['host3']	['host7']	['host13']	['host9']
2612	12639	584	120	82	['host3']	['host7']	['host13']	['host9']
2613	12640	551	76	52	['host3']	['host7']	['host13']	['host9']
2614	12641	582	112	80	['host3']	['host7']	['host13']	['host9']
2615	12643	584	120	82	['host3']	['host7']	['host13']	['host9']
2616	12646	551	76	52	['host3']	['host7']	['host13']	['host9']
2617	12659	88579881	182525339	17955	['host3']	['host7']	['host13']	['host9']
2618	12664	79018	332	158	['host3']	['host7']	['host13']	['host9']
2619	12673	118168364	1159418588	403221547	['host3']	['host7', 'host4', 'host11', 'host14']	['host14']	['host11']
2620	12677	13675767386	1815	245	['host3', 'host15', 'host4']	['host13']	['host9']	['host14']
2621	12680	632	411	268436375	['host3']	['host7']	['host13']	['host9']
2622	12686	24846281	260269	436	['host3']	['host7']	['host13']	['host9']
2623	12688	1909376945	621229640	28479660	['host3', 'host15', 'host4']	['host13', 'host14']	['host14']	['host11']
2624	12692	598573	1525214	22969	['host3']	['host7']	['host13']	['host9']
2625	12696	1035166	393	202	['host3']	['host7']	['host13']	['host9']
2626	12698	557	91	284	['host3']	['host7']	['host13']	['host9']
2627	12702	633	143	335	['host3']	['host7']	['host13']	['host9']
2628	12703	36940	78802	4713	['host3']	['host7']	['host13']	['host9']
2629	12703	597	123	316	['host3']	['host7']	['host13']	['host9']
2630	12704	557	60	281	['host3']	['host7']	['host13']	['host9']
2631	12704	633	144	335	['host3']	['host7']	['host13']	['host9']
2632	12705	593	121	314	['host3']	['host7']	['host13']	['host9']
2633	12705	217068	520539	11115	['host3']	['host7']	['host13']	['host9']
2634	12706	597	102	311	['host3']	['host7']	['host13']	['host9']
2635	12716	261040586	119254371	136	['host3']	['host7']	['host13']	['host9']
2636	12716	593	95	309	['host3']	['host7']	['host13']	['host9']
2637	12716	261040626	119254396	136	['host3']	['host7']	['host13']	['host9']
2638	12717	261040586	119254371	136	['host3']	['host7']	['host13']	['host9']
2639	12717	261040662	119241649	136	['host3']	['host7']	['host13']	['host9']
2640	12717	633	122	330	['host3']	['host7']	['host13']	['host9']
2641	12719	261040622	238495914	136	['host3']	['host7']	['host13']	['host9']
2642	12720	33991030	1797490	1127867	['host3']	['host7']	['host13']	['host9']
2643	12720	33561187677	8085	247	['host3', 'host15', 'host4']	['host13']	['host9']	['host14']
2644	12722	261040626	119241631	136	['host3']	['host7']	['host13']	['host9']
2645	12722	87489122	180158459	8740	['host3']	['host7']	['host13']	['host9']
2646	12729	632	409	268436375	['host3']	['host7']	['host13']	['host9']
2647	12732	3330076120	2965099	693	['host3', 'host15', 'host4']	['host13']	['host9']	['host14']
2648	12734	552	72	55	['host3']	['host7']	['host13']	['host9']
2649	12735	32987	65084	4331	['host3']	['host7']	['host13']	['host9']
2650	12735	745372	604459	175771	['host3']	['host7']	['host13']	['host9']
2651	12736	3330076120	222368580	111229724	['host3', 'host15', 'host4']	['host13']	['host9']	['host14']
2652	12738	2873946530	4678623812	235317475	['host3', 'host15', 'host4']	['host13', 'host14', 'host12', 'host3', 'host8', 'host0', 'host15', 'host6', 'host7', 'host1', 'host5', 'host4', 'host10', 'host2', 'host9', 'host11']	['host1']	['host13']
2653	12739	236382	593727	12010	['host3']	['host7']	['host13']	['host9']
2654	12741	603	137	101	['host3']	['host7']	['host13']	['host9']
2655	12741	549	71	49	['host3']	['host7']	['host13']	['host9']
2656	12742	584	120	82	['host3']	['host7']	['host13']	['host9']
2657	12742	652721	1744406	25450	['host3']	['host7']	['host13']	['host9']
2658	12743	579	107	73	['host3']	['host7']	['host13']	['host9']
2659	12744	582	116	80	['host3']	['host7']	['host13']	['host9']
2660	12752	603	137	101	['host3']	['host7']	['host13']	['host9']
2661	12754	577	104	71	['host3']	['host7']	['host13']	['host9']
2662	12755	598	126	92	['host3']	['host7']	['host13']	['host9']
2663	12755	347597875786	45297755887	2365928780	['host3', 'host15', 'host4']	['host13', 'host14', 'host12', 'host3', 'host8', 'host0', 'host15', 'host6', 'host7', 'host1', 'host5', 'host4', 'host10', 'host2', 'host9', 'host11']	['host1', 'host0', 'host13', 'host2', 'host4', 'host11', 'host12', 'host9']	['host5']
2664	12756	24846281	12375271	471	['host3']	['host7']	['host13']	['host9']
2665	12758	3330076120	20429247	3758	['host3', 'host15', 'host4']	['host13']	['host9']	['host14']
2666	12761	3330076120	9068872	2585	['host3', 'host15', 'host4']	['host13']	['host9']	['host14']
2667	12762	21225578	581695	253806	['host3']	['host7']	['host13']	['host9']
2668	12762	3330076120	245914678	114502873	['host3', 'host15', 'host4']	['host13']	['host9']	['host14']
2669	12764	3330076120	222745813	113935006	['host3', 'host15', 'host4']	['host13']	['host9']	['host14']
2670	12769	45585398	61621502	24655978	['host3']	['host7']	['host13']	['host9']
2671	12770	632	408	268436375	['host3']	['host7']	['host13']	['host9']
2672	12774	1906456155	568880449	21422951	['host3', 'host15', 'host4']	['host13', 'host14']	['host14']	['host11']
2673	12783	226698285	15690	5748	['host3']	['host7']	['host13']	['host9']
2674	12787	2103642	5350881	29303	['host3']	['host7']	['host13']	['host9']
2675	12794	2262900	6030817	31253	['host3']	['host7']	['host13']	['host9']
2676	12796	236382907	3257127	5722986	['host3']	['host7']	['host13']	['host9']
2677	12798	31586082	67115685	6901	['host3']	['host7']	['host13']	['host9']
2678	12800	3330076120	35131121	31261	['host3', 'host15', 'host4']	['host13']	['host9']	['host14']
2679	12802	3330076120	265550688	115922393	['host3', 'host15', 'host4']	['host13']	['host9']	['host14']
2680	12805	3330076120	5569129	919	['host3', 'host15', 'host4']	['host13']	['host9']	['host14']
2681	12809	632	412	268436375	['host3']	['host7']	['host13']	['host9']
2682	12810	1839	106	35	['host3']	['host7']	['host13']	['host9']
2683	12817	4233153	33	244	['host3']	['host7']	['host13']	['host9']
2684	12819	261040662	119241649	136	['host3']	['host7']	['host13']	['host9']
2685	12819	261040622	238495914	136	['host3']	['host7']	['host13']	['host9']
2686	12819	261040662	119241649	136	['host3']	['host7']	['host13']	['host9']
2687	12820	939	572	670	['host3']	['host7']	['host13']	['host9']
2688	12820	261040622	119254391	136	['host3']	['host7']	['host13']	['host9']
2689	12820	261040626	119241631	136	['host3']	['host7']	['host13']	['host9']
2690	12820	261040586	119241606	136	['host3']	['host7']	['host13']	['host9']
2691	12820	261040626	119241631	136	['host3']	['host7']	['host13']	['host9']
2692	12821	261040586	119241606	136	['host3']	['host7']	['host13']	['host9']
2693	12823	261040622	119241626	136	['host3']	['host7']	['host13']	['host9']
2694	12824	800	389	554	['host3']	['host7']	['host13']	['host9']
2695	12826	3330076120	228584330	113946765	['host3', 'host15', 'host4']	['host13']	['host9']	['host14']
2696	12838	694	230	427	['host3']	['host7']	['host13']	['host9']
2697	12841	545	62	285	['host3']	['host7']	['host13']	['host9']
2698	12844	1765	79	50	['host3']	['host7']	['host13']	['host9']
2699	12850	3330076120	29167069	10307	['host3', 'host15', 'host4']	['host13']	['host9']	['host14']
2700	12850	632	411	268436375	['host3']	['host7']	['host13']	['host9']
2701	12853	651	364	549	['host3']	['host7']	['host13']	['host9']
2702	12855	18018	24829	765	['host3']	['host7']	['host13']	['host9']
2703	12856	3330076120	251789817	115428769	['host3', 'host15', 'host4']	['host13']	['host9']	['host14']
2704	12859	938	671	302	['host3']	['host7']	['host13']	['host9']
2705	12861	1887	1743	400	['host3']	['host7']	['host13']	['host9']
2706	12861	3731462270	826521449	2915	['host3', 'host15', 'host4']	['host13', 'host14', 'host12']	['host11']	['host7']
2707	12862	43063613321	38385698	13954	['host3', 'host15', 'host4']	['host13']	['host9']	['host14']
2708	12862	822	493	218	['host3']	['host7']	['host13']	['host9']
2709	12876	695	281	147	['host3']	['host7']	['host13']	['host9']
2710	12879	553	78	55	['host3']	['host7']	['host13']	['host9']
2711	12886	2868	3930	1066	['host3']	['host7']	['host13']	['host9']
2712	12891	1033	748	256	['host3']	['host7']	['host13']	['host9']
2713	12893	76484527	190065088	5413326	['host3']	['host7']	['host13']	['host9']
2714	12896	632	410	268436375	['host3']	['host7']	['host13']	['host9']
2715	12900	23549	47852	5271	['host3']	['host7']	['host13']	['host9']
2716	12902	8545651	18975937	5027858	['host3']	['host7']	['host13']	['host9']
2717	12902	4227480	52	279	['host3']	['host7']	['host13']	['host9']
2718	12902	357	209	108	['host3']	['host7']	['host13']	['host9']
2719	12904	3330076120	12957805	4654	['host3', 'host15', 'host4']	['host13']	['host9']	['host14']
2720	12913	627	305	191	['host3']	['host7']	['host13']	['host9']
2721	12917	3330076120	234514475	114695421	['host3', 'host15', 'host4']	['host13']	['host9']	['host14']
2722	12917	261040662	119241649	136	['host3']	['host7']	['host13']	['host9']
2723	12918	3011461561908	35582603200	35399351589	['host3', 'host15', 'host4']	['host13', 'host14', 'host12', 'host3', 'host8', 'host0', 'host15', 'host6', 'host7', 'host1', 'host5', 'host4', 'host10', 'host2', 'host9', 'host11']	['host1', 'host0', 'host13', 'host2', 'host4', 'host11', 'host12', 'host9', 'host7', 'host3', 'host14', 'host15', 'host10', 'host5', 'host8', 'host6']	['host1']
2724	12926	3011461561908	74958200582	41967078580	['host3', 'host15', 'host4']	['host13', 'host14', 'host12', 'host3', 'host8', 'host0', 'host15', 'host6', 'host7', 'host1', 'host5', 'host4', 'host10', 'host2', 'host9', 'host11']	['host1', 'host0', 'host13', 'host2', 'host4', 'host11', 'host12', 'host9', 'host7', 'host3', 'host14', 'host15', 'host10', 'host5', 'host8', 'host6']	['host1']
2725	12927	261040586	119254371	136	['host3']	['host7']	['host13']	['host9']
2726	12935	404	22	136	['host3']	['host7']	['host13']	['host9']
2727	12936	261040626	119241631	136	['host3']	['host7']	['host13']	['host9']
2728	12940	632	388	268436375	['host3']	['host7']	['host13']	['host9']
2729	12940	261040622	119254391	136	['host3']	['host7']	['host13']	['host9']
2730	12944	3330076120	45789876	88905	['host3', 'host15', 'host4']	['host13']	['host9']	['host14']
2731	12947	404	22	136	['host3']	['host7']	['host13']	['host9']
2732	12949	404	22	136	['host3']	['host7']	['host13']	['host9']
2733	12950	13675767386	1705	240	['host3', 'host15', 'host4']	['host13']	['host9']	['host14']
2734	12951	7502	14957	2862	['host3']	['host7']	['host13']	['host9']
2735	12951	404	18	136	['host3']	['host7']	['host13']	['host9']
2736	12952	404	18	136	['host3']	['host7']	['host13']	['host9']
2737	12955	404	22	136	['host3']	['host7']	['host13']	['host9']
2738	12956	261040662	119254414	136	['host3']	['host7']	['host13']	['host9']
2739	12957	3330076120	5717158	1545	['host3', 'host15', 'host4']	['host13']	['host9']	['host14']
2740	12957	3330076120	279443233	117188417	['host3', 'host15', 'host4']	['host13']	['host9']	['host14']
2741	12965	547	84	279	['host3']	['host7']	['host13']	['host9']
2742	12967	404	18	20	['host3']	['host7']	['host13']	['host9']
2743	12976	404	18	20	['host3']	['host7']	['host13']	['host9']
2744	12977	662	377	548	['host3']	['host7']	['host13']	['host9']
2745	12979	28288942	18	1508	['host3']	['host7']	['host13']	['host9']
2746	12985	632	415	268436375	['host3']	['host7']	['host13']	['host9']
2747	12987	404	22	20	['host3']	['host7']	['host13']	['host9']
2748	12988	404	18	20	['host3']	['host7']	['host13']	['host9']
2749	12989	404	22	20	['host3']	['host7']	['host13']	['host9']
2750	13001	404	22	20	['host3']	['host7']	['host13']	['host9']
2751	13026	547	84	55	['host3']	['host7']	['host13']	['host9']
2752	13029	3478	4516	793	['host3']	['host7']	['host13']	['host9']
2753	13029	44501652049	30411920	2059389	['host3', 'host15', 'host4']	['host13']	['host9']	['host14']
2754	13031	3330076120	217240816	112531482	['host3', 'host15', 'host4']	['host13']	['host9']	['host14']
2755	13031	188963933	106511498	1000538	['host3']	['host7']	['host13']	['host9']
2756	13038	131796955	1452	813	['host3']	['host7']	['host13']	['host9']
2757	13040	1885726	2418413	2028	['host3']	['host7']	['host13']	['host9']
2758	13044	261040586	119254371	136	['host3']	['host7']	['host13']	['host9']
2759	13044	404	18	136	['host3']	['host7']	['host13']	['host9']
2760	13045	632	413	268436375	['host3']	['host7']	['host13']	['host9']
2761	13045	404	22	136	['host3']	['host7']	['host13']	['host9']
2762	13047	404	22	136	['host3']	['host7']	['host13']	['host9']
2763	13051	404	22	136	['host3']	['host7']	['host13']	['host9']
2764	13051	404	22	136	['host3']	['host7']	['host13']	['host9']
2765	13052	178220278	271510597	1183	['host3']	['host7']	['host13']	['host9']
2766	13056	404	18	136	['host3']	['host7']	['host13']	['host9']
2767	13056	4233153	33	244	['host3']	['host7']	['host13']	['host9']
2768	13056	404	22	136	['host3']	['host7']	['host13']	['host9']
2769	13060	1146	621	131	['host3']	['host7']	['host13']	['host9']
2770	13062	404	22	136	['host3']	['host7']	['host13']	['host9']
2771	13062	28288942	18	1508	['host3']	['host7']	['host13']	['host9']
2772	13069	404	18	136	['host3']	['host7']	['host13']	['host9']
2773	13075	90165087	185565882	29973	['host3']	['host7']	['host13']	['host9']
2774	13075	93694248	194362951	32683	['host3']	['host7']	['host13']	['host9']
2775	13076	66315	147470	9822	['host3']	['host7']	['host13']	['host9']
2776	13077	88851477	182658165	18392	['host3']	['host7']	['host13']	['host9']
2777	13079	88603991	182388857	17065	['host3']	['host7']	['host13']	['host9']
2778	13084	93978688	195880746	33842	['host3']	['host7']	['host13']	['host9']
2779	13088	632	412	268436375	['host3']	['host7']	['host13']	['host9']
2780	13100	3330076120	29965454	14157	['host3', 'host15', 'host4']	['host13']	['host9']	['host14']
2781	13122	404	22	20	['host3']	['host7']	['host13']	['host9']
2782	13122	404	22	20	['host3']	['host7']	['host13']	['host9']
2783	13126	3330076120	256154345	115832593	['host3', 'host15', 'host4']	['host13']	['host9']	['host14']
2784	13126	404	22	136	['host3']	['host7']	['host13']	['host9']
2785	13128	404	22	20	['host3']	['host7']	['host13']	['host9']
2786	13128	404	22	20	['host3']	['host7']	['host13']	['host9']
2787	13128	404	22	20	['host3']	['host7']	['host13']	['host9']
2788	13129	404	22	20	['host3']	['host7']	['host13']	['host9']
2789	13129	404	22	20	['host3']	['host7']	['host13']	['host9']
2790	13129	404	22	20	['host3']	['host7']	['host13']	['host9']
2791	13130	404	22	20	['host3']	['host7']	['host13']	['host9']
2792	13130	632	411	268436375	['host3']	['host7']	['host13']	['host9']
2793	13143	33561187677	8052	244	['host3', 'host15', 'host4']	['host13']	['host9']	['host14']
2794	13144	3330076120	15224464	6624	['host3', 'host15', 'host4']	['host13']	['host9']	['host14']
2795	13144	4227480	54	282	['host3']	['host7']	['host13']	['host9']
2796	13145	261040662	119241649	136	['host3']	['host7']	['host13']	['host9']
2797	13145	261040622	119241626	136	['host3']	['host7']	['host13']	['host9']
2798	13147	261040626	119241631	136	['host3']	['host7']	['host13']	['host9']
2799	13147	404	22	136	['host3']	['host7']	['host13']	['host9']
2800	13147	404	22	136	['host3']	['host7']	['host13']	['host9']
2801	13148	21400964	35371524	20282180	['host3']	['host7']	['host13']	['host9']
2802	13157	1776	1714	9825	['host3']	['host7']	['host13']	['host9']
2803	13160	404	18	136	['host3']	['host7']	['host13']	['host9']
2804	13162	404	22	136	['host3']	['host7']	['host13']	['host9']
2805	13164	90422482	186334599	32092	['host3']	['host7']	['host13']	['host9']
2806	13169	632	409	268436375	['host3']	['host7']	['host13']	['host9']
2807	13180	3330076120	45809074	111967	['host3', 'host15', 'host4']	['host13']	['host9']	['host14']
2808	13181	3330076120	239452202	115220310	['host3', 'host15', 'host4']	['host13']	['host9']	['host14']
2809	13181	404	22	20	['host3']	['host7']	['host13']	['host9']
2810	13182	1776	1714	9825	['host3']	['host7']	['host13']	['host9']
2811	13183	3330076120	278535346	117302726	['host3', 'host15', 'host4']	['host13']	['host9']	['host14']
2812	13184	404	22	20	['host3']	['host7']	['host13']	['host9']
2813	13186	404	22	20	['host3']	['host7']	['host13']	['host9']
2814	13198	10776	20475	3241	['host3']	['host7']	['host13']	['host9']
2815	13198	404	22	20	['host3']	['host7']	['host13']	['host9']
2816	13201	404	22	20	['host3']	['host7']	['host13']	['host9']
2817	13205	3330076120	9063810	2196	['host3', 'host15', 'host4']	['host13']	['host9']	['host14']
2818	13209	232503840568	1438746527	1636408	['host3', 'host15', 'host4']	['host13', 'host14', 'host12', 'host3', 'host8']	['host7']	['host2']
2819	13209	3330076120	229788492	115232969	['host3', 'host15', 'host4']	['host13']	['host9']	['host14']
2820	13215	4755022841	1855804	262919	['host3', 'host15', 'host4']	['host13']	['host9']	['host14']
2821	13220	13675767386	1866	246	['host3', 'host15', 'host4']	['host13']	['host9']	['host14']
2822	13220	632	410	268436375	['host3']	['host7']	['host13']	['host9']
2823	13237	4969	7482	971	['host3']	['host7']	['host13']	['host9']
2824	13238	550	82	282	['host3']	['host7']	['host13']	['host9']
2825	13241	552102004	8138	4924	['host3', 'host15']	['host13']	['host9']	['host14']
2826	13255	16081944	25248108	14388353	['host3']	['host7']	['host13']	['host9']
2827	13257	3330076120	36928686	31733	['host3', 'host15', 'host4']	['host13']	['host9']	['host14']
2828	13259	87490313	180763626	8269	['host3']	['host7']	['host13']	['host9']
2829	13262	3330076120	266035470	116665172	['host3', 'host15', 'host4']	['host13']	['host9']	['host14']
2830	13262	632	412	268436375	['host3']	['host7']	['host13']	['host9']
2831	13270	404	22	136	['host3']	['host7']	['host13']	['host9']
2832	13276	550	86	57	['host3']	['host7']	['host13']	['host9']
2833	13286	84106	180632	10229	['host3']	['host7']	['host13']	['host9']
2834	13289	56304924	18223993	17191144	['host3']	['host7']	['host13']	['host9']
2835	13296	448171	410592	135379	['host3']	['host7']	['host13']	['host9']
2836	13297	4233153	37	244	['host3']	['host7']	['host13']	['host9']
2837	13298	1722	1442	237	['host3']	['host7']	['host13']	['host9']
2838	13298	3330076120	20026874	11467	['host3', 'host15', 'host4']	['host13']	['host9']	['host14']
2839	13299	135397055	22725160	276481	['host3']	['host7']	['host13']	['host9']
2840	13299	135397055	38492297	1680123	['host3']	['host7']	['host13']	['host9']
2841	13299	18659	4490	2324	['host3']	['host7']	['host13']	['host9']
2842	13301	632	415	268436375	['host3']	['host7']	['host13']	['host9']
2843	13304	2707227024	5157567593	740712162	['host3', 'host15', 'host4']	['host13', 'host14', 'host12', 'host3', 'host8', 'host0', 'host15', 'host6', 'host7', 'host1', 'host5', 'host4', 'host10', 'host2', 'host9', 'host11']	['host1', 'host0']	['host13']
2844	13308	11130854	325064	141357	['host3']	['host7']	['host13']	['host9']
2845	13310	404	22	20	['host3']	['host7']	['host13']	['host9']
2846	13320	2095723143	1472336776	42825384	['host3', 'host15', 'host4']	['host13', 'host14', 'host12', 'host3', 'host8']	['host7']	['host2']
2847	13322	33561187677	8085	246	['host3', 'host15', 'host4']	['host13']	['host9']	['host14']
2848	13344	632	386	268436375	['host3']	['host7']	['host13']	['host9']
2849	13344	404	22	136	['host3']	['host7']	['host13']	['host9']
2850	13348	3330076120	247316978	115888873	['host3', 'host15', 'host4']	['host13']	['host9']	['host14']
2851	13351	3330076120	52678084	237329	['host3', 'host15', 'host4']	['host13']	['host9']	['host14']
2852	13353	29737420330	60825401	2148307	['host3', 'host15', 'host4']	['host13']	['host9']	['host14']
2853	13354	29737420330	59682851	2164025	['host3', 'host15', 'host4']	['host13']	['host9']	['host14']
2854	13358	3330076120	290689941	118695023	['host3', 'host15', 'host4']	['host13']	['host9']	['host14']
2855	13361	33991030	1728188	1131988	['host3']	['host7']	['host13']	['host9']
2856	13363	404	22	136	['host3']	['host7']	['host13']	['host9']
2857	13375	87732605	180253248	8988	['host3']	['host7']	['host13']	['host9']
2858	13376	404	22	136	['host3']	['host7']	['host13']	['host9']
2859	13383	404	22	20	['host3']	['host7']	['host13']	['host9']
2860	13385	24194	50792	5894	['host3']	['host7']	['host13']	['host9']
2861	13392	760917620	92916176	269	['host3', 'host15']	['host13']	['host9']	['host14']
2862	13392	760917620	171	261	['host3', 'host15']	['host13']	['host9']	['host14']
2863	13392	760917620	311995773	270	['host3', 'host15']	['host13']	['host9']	['host14']
2864	13392	760917620	60608417	266	['host3', 'host15']	['host13']	['host9']	['host14']
2865	13395	21708897868	2087603642	275	['host3', 'host15', 'host4']	['host13', 'host14', 'host12', 'host3', 'host8', 'host0', 'host15']	['host2']	['host8']
2866	13397	8513	15327	1693	['host3']	['host7']	['host13']	['host9']
2867	13403	452472843590	579582237	82700	['host3', 'host15', 'host4']	['host13', 'host14']	['host14']	['host11']
2868	13403	452472843590	630797379	498274	['host3', 'host15', 'host4']	['host13', 'host14']	['host14']	['host11']
2869	13407	727923	41	263	['host3']	['host7']	['host13']	['host9']
2870	13407	404	22	20	['host3']	['host7']	['host13']	['host9']
2871	13407	123914852	21490481	754926	['host3']	['host7']	['host13']	['host9']
2872	13413	404	22	20	['host3']	['host7']	['host13']	['host9']
2873	13414	632	393	268436375	['host3']	['host7']	['host13']	['host9']
2874	13440	1452044257	1920650290	4353500	['host3', 'host15', 'host4']	['host13', 'host14', 'host12', 'host3', 'host8', 'host0', 'host15']	['host2']	['host8']
2875	13442	3330076120	6339494	1298	['host3', 'host15', 'host4']	['host13']	['host9']	['host14']
2876	13456	3330076120	222598259	112516403	['host3', 'host15', 'host4']	['host13']	['host9']	['host14']
2877	13458	632	409	268436375	['host3']	['host7']	['host13']	['host9']
2878	13466	60684	27117	136	['host3']	['host7']	['host13']	['host9']
2879	13474	3330076120	32003785	20304	['host3', 'host15', 'host4']	['host13']	['host9']	['host14']
2880	13476	2210594830	660322	144407	['host3', 'host15', 'host4']	['host13']	['host9']	['host14']
2881	13478	755725	1657159	2007	['host3']	['host7']	['host13']	['host9']
2882	13495	9248308143	11050625297	3445859285	['host3', 'host15', 'host4']	['host13', 'host14', 'host12', 'host3', 'host8', 'host0', 'host15', 'host6', 'host7', 'host1', 'host5', 'host4', 'host10', 'host2', 'host9', 'host11']	['host1', 'host0', 'host13', 'host2', 'host4', 'host11', 'host12', 'host9', 'host7', 'host3', 'host14', 'host15']	['host5']
2883	13504	13675767386	1848	245	['host3', 'host15', 'host4']	['host13']	['host9']	['host14']
2884	13512	177420	398194	15565	['host3']	['host7']	['host13']	['host9']
2885	13513	5591629852	4202498418	1799774561	['host3', 'host15', 'host4']	['host13', 'host14', 'host12', 'host3', 'host8', 'host0', 'host15', 'host6', 'host7', 'host1', 'host5', 'host4', 'host10', 'host2', 'host9']	['host10', 'host7', 'host0', 'host13', 'host2', 'host11']	['host3']
2886	13514	2275	3098	1574	['host3']	['host7']	['host13']	['host9']
2887	13535	4233153	37	244	['host3']	['host7']	['host13']	['host9']
2888	13536	1012	358	144	['host3']	['host7']	['host13']	['host9']
2889	13543	4233447	52	279	['host3']	['host7']	['host13']	['host9']
2890	13552	632	407	268436375	['host3']	['host7']	['host13']	['host9']
2891	13552	26153	8237	3583	['host3']	['host7']	['host13']	['host9']
2892	13556	5591629852	4206004325	1799774561	['host3', 'host15', 'host4']	['host13', 'host14', 'host12', 'host3', 'host8', 'host0', 'host15', 'host6', 'host7', 'host1', 'host5', 'host4', 'host10', 'host2', 'host9']	['host10', 'host7', 'host0', 'host13', 'host2', 'host11']	['host3']
2893	13569	4993316026	14086	2066	['host3', 'host15', 'host4']	['host13']	['host9']	['host14']
2894	13572	15418	30384	4403	['host3']	['host7']	['host13']	['host9']
2895	13573	86857382	178506706	11806	['host3']	['host7']	['host13']	['host9']
2896	13573	252392763	170808587	4913539	['host3']	['host7']	['host13']	['host9']
2897	13573	66571104863	1130972125	11404269	['host3', 'host15', 'host4']	['host13', 'host14', 'host12', 'host3']	['host7']	['host2']
2898	13573	252392763	153661186	990146	['host3']	['host7']	['host13']	['host9']
2899	13573	3330076120	257727807	115869586	['host3', 'host15', 'host4']	['host13']	['host9']	['host14']
2900	13578	196910061291	14533203523	281818719	['host3', 'host15', 'host4']	['host13', 'host14', 'host12', 'host3', 'host8', 'host0', 'host15', 'host6', 'host7', 'host1', 'host5', 'host4', 'host10', 'host2', 'host9', 'host11']	['host1']	['host13']
2901	13578	87984062	181227215	21486	['host3']	['host7']	['host13']	['host9']
2902	13595	51172728803	1510160994	700789570	['host3', 'host15', 'host4']	['host13', 'host14', 'host12', 'host3', 'host8']	['host7', 'host4']	['host2']
2903	13595	3330076120	16916760	8256	['host3', 'host15', 'host4']	['host13']	['host9']	['host14']
2904	13596	632	409	268436375	['host3']	['host7']	['host13']	['host9']
2905	13607	547	84	279	['host3']	['host7']	['host13']	['host9']
2906	13611	51127145914	1537884278	863998187	['host3', 'host15', 'host4']	['host13', 'host14', 'host12', 'host3', 'host8']	['host7', 'host4', 'host2']	['host2']
2907	13630	3330076120	236367160	115225854	['host3', 'host15', 'host4']	['host13']	['host9']	['host14']
2908	13633	9428962	3877540	1625481	['host3']	['host7']	['host13']	['host9']
2909	13633	632	409	268436375	['host3']	['host7']	['host13']	['host9']
2910	13645	86395891	177720455	4372	['host3']	['host7']	['host13']	['host9']
2911	13647	547	84	55	['host3']	['host7']	['host13']	['host9']
2912	13667	3330076120	47116209	162707	['host3', 'host15', 'host4']	['host13']	['host9']	['host14']
2913	13671	632	411	268436375	['host3']	['host7']	['host13']	['host9']
2914	13671	19617627130	58041979975	2611741957	['host3', 'host15', 'host4']	['host13', 'host14', 'host12', 'host3', 'host8', 'host0', 'host15', 'host6', 'host7', 'host1', 'host5', 'host4', 'host10', 'host2', 'host9', 'host11']	['host1', 'host0', 'host13', 'host2', 'host4', 'host11', 'host12', 'host9', 'host7']	['host8']
2915	13688	87494313	180177241	16602	['host3']	['host7']	['host13']	['host9']
2916	13690	41850578496	3369100	885180	['host3', 'host15', 'host4']	['host13']	['host9']	['host14']
2917	13692	3330076120	280503063	117444841	['host3', 'host15', 'host4']	['host13']	['host9']	['host14']
2918	13694	6070	9868	1307	['host3']	['host7']	['host13']	['host9']
2919	13697	4233447	54	282	['host3']	['host7']	['host13']	['host9']
2920	13711	632	411	268436375	['host3']	['host7']	['host13']	['host9']
2921	13720	116088507313	64181963368	11860295	['host3', 'host15', 'host4']	['host13', 'host14', 'host12', 'host3', 'host8', 'host0', 'host15', 'host6', 'host7', 'host1', 'host5', 'host4', 'host10', 'host2', 'host9', 'host11']	['host1']	['host13']
2922	13738	3330076120	10192354	1963	['host3', 'host15', 'host4']	['host13']	['host9']	['host14']
2923	13745	89020607	183133206	26433	['host3']	['host7']	['host13']	['host9']
2924	13749	3330076120	226308770	115226557	['host3', 'host15', 'host4']	['host13']	['host9']	['host14']
2925	13750	22597924	38	245	['host3']	['host7']	['host13']	['host9']
2926	13750	632	411	268436375	['host3']	['host7']	['host13']	['host9']
2927	13755	1098955099	60301291	8645002	['host3', 'host15', 'host4']	['host13']	['host9']	['host14']
2928	13763	33561187677	8052	244	['host3', 'host15', 'host4']	['host13']	['host9']	['host14']
2929	13766	550	86	282	['host3']	['host7']	['host13']	['host9']
2930	13768	930228714	436576908	7266883	['host3', 'host15', 'host4']	['host13']	['host9']	['host14']
2931	13769	121193	264947	11830	['host3']	['host7']	['host13']	['host9']
2932	13781	4233153	37	244	['host3']	['host7']	['host13']	['host9']
2933	13786	396938047	677811617	96779144	['host3']	['host7', 'host4']	['host13']	['host9']
2934	13795	632	409	268436375	['host3']	['host7']	['host13']	['host9']
2935	13815	550	86	57	['host3']	['host7']	['host13']	['host9']
2936	13815	85411651	175146164	3361	['host3']	['host7']	['host13']	['host9']
2937	13827	22597924	34	244	['host3']	['host7']	['host13']	['host9']
2938	13827	1584	1142	300	['host3']	['host7']	['host13']	['host9']
2939	13827	3330076120	38615286	44365	['host3', 'host15', 'host4']	['host13']	['host9']	['host14']
2940	13827	33742652	43500090	7701719	['host3']	['host7']	['host13']	['host9']
2941	13833	673717891	615708186	537189819	['host3', 'host15']	['host13', 'host14']	['host14', 'host3']	['host7']
2942	13833	3330076120	272295670	116715193	['host3', 'host15', 'host4']	['host13']	['host9']	['host14']
2943	13835	296293	110429	7488	['host3']	['host7']	['host13']	['host9']
2944	13844	3330076120	20841698	14722	['host3', 'host15', 'host4']	['host13']	['host9']	['host14']
2945	13846	632	409	268436375	['host3']	['host7']	['host13']	['host9']
2946	13849	132356339741	12138924884	2106679	['host3', 'host15', 'host4']	['host13', 'host14', 'host12', 'host3', 'host8', 'host0', 'host15', 'host6', 'host7', 'host1', 'host5', 'host4', 'host10', 'host2', 'host9', 'host11']	['host1']	['host13']
2947	13857	86907436	179118321	6229	['host3']	['host7']	['host13']	['host9']
2948	13859	84385568	173183800	1324	['host3']	['host7']	['host13']	['host9']
2949	13868	3522656	48721	5201	['host3']	['host7']	['host13']	['host9']
2950	13868	1255737711	1033004128	3807161	['host3', 'host15', 'host4']	['host13', 'host14', 'host12']	['host11']	['host7']
2951	13870	86406060	177882147	2097	['host3']	['host7']	['host13']	['host9']
2952	13874	818507434	855334358	686793728	['host3', 'host15', 'host4']	['host13', 'host14', 'host12']	['host11', 'host8']	['host7']
2953	13888	85862340	175812593	8667	['host3']	['host7']	['host13']	['host9']
2954	13889	632	416	268436375	['host3']	['host7']	['host13']	['host9']
2955	13894	3330076120	244028046	115895661	['host3', 'host15', 'host4']	['host13']	['host9']	['host14']
2956	13895	33991030	1694246	1136432	['host3']	['host7']	['host13']	['host9']
2957	13901	22597924	33	244	['host3']	['host7']	['host13']	['host9']
2958	13906	1250269743	1024631947	12020	['host3', 'host15', 'host4']	['host13', 'host14', 'host12']	['host11']	['host7']
2959	13913	3330076120	55619318	315853	['host3', 'host15', 'host4']	['host13']	['host9']	['host14']
2960	13928	632	409	268436375	['host3']	['host7']	['host13']	['host9']
2961	13931	2132072126	1847322525	7161177	['host3', 'host15', 'host4']	['host13', 'host14', 'host12', 'host3', 'host8', 'host0']	['host7']	['host2']
2962	13938	86870674	178621867	13077	['host3']	['host7']	['host13']	['host9']
2963	13939	11106	20236	2052	['host3']	['host7']	['host13']	['host9']
2964	13951	1837955583	5570214539	2088618316	['host3', 'host15', 'host4']	['host13', 'host14', 'host12', 'host3', 'host8', 'host0', 'host15', 'host6', 'host7', 'host1', 'host5', 'host4', 'host10', 'host2', 'host9', 'host11']	['host1', 'host0', 'host13', 'host2', 'host4', 'host11', 'host12']	['host3']
2965	13955	7701987	7562768	1033658	['host3']	['host7']	['host13']	['host9']
2966	13956	3330076120	293132311	118863994	['host3', 'host15', 'host4']	['host13']	['host9']	['host14']
2967	13960	86584098	177948951	12457	['host3']	['host7']	['host13']	['host9']
2968	13962	3330076120	219240517	112807317	['host3', 'host15', 'host4']	['host13']	['host9']	['host14']
2969	13963	3330076120	6783320	1905	['host3', 'host15', 'host4']	['host13']	['host9']	['host14']
2970	13967	632	410	268436375	['host3']	['host7']	['host13']	['host9']
2971	13968	32681	71293	7362	['host3']	['host7']	['host13']	['host9']
2972	13976	22597924	37	242	['host3']	['host7']	['host13']	['host9']
2973	13980	86949340	178700635	15830	['host3']	['host7']	['host13']	['host9']
2974	13983	288592460	15903	6193	['host3']	['host7']	['host13']	['host9']
2975	13987	3330076120	33260427	22936	['host3', 'host15', 'host4']	['host13']	['host9']	['host14']
2976	13991	26774917944	82202701269	11287536135	['host3', 'host15', 'host4']	['host13', 'host14', 'host12', 'host3', 'host8', 'host0', 'host15', 'host6', 'host7', 'host1', 'host5', 'host4', 'host10', 'host2', 'host9', 'host11']	['host1', 'host0', 'host13', 'host2', 'host4', 'host11', 'host12', 'host9', 'host7', 'host3', 'host14', 'host15', 'host10', 'host5', 'host8', 'host6']	['host1']
2977	13996	3330076120	260278734	115987706	['host3', 'host15', 'host4']	['host13']	['host9']	['host14']
2978	14000	1033926	1493633	866546	['host3']	['host7']	['host13']	['host9']
2979	14007	6426613099	21663302174	6696766152	['host3', 'host15', 'host4']	['host13', 'host14', 'host12', 'host3', 'host8', 'host0', 'host15', 'host6', 'host7', 'host1', 'host5', 'host4', 'host10', 'host2', 'host9', 'host11']	['host1', 'host0', 'host13', 'host2', 'host4', 'host11', 'host12', 'host9', 'host7', 'host3', 'host14', 'host15', 'host10', 'host5', 'host8', 'host6']	['host1']
2980	14008	632	411	268436375	['host3']	['host7']	['host13']	['host9']
2981	14016	4233153	37	244	['host3']	['host7']	['host13']	['host9']
2982	14016	236224	532483	16954	['host3']	['host7']	['host13']	['host9']
2983	14027	3330076120	17183067	9848	['host3', 'host15', 'host4']	['host13']	['host9']	['host14']
2984	14029	3330076120	238364603	115352419	['host3', 'host15', 'host4']	['host13']	['host9']	['host14']
2985	14033	1197	790	716	['host3']	['host7']	['host13']	['host9']
2986	14040	33561187677	8085	245	['host3', 'host15', 'host4']	['host13']	['host9']	['host14']
2987	14043	866814	1392696	752618	['host3']	['host7']	['host13']	['host9']
2988	14051	22597924	34	245	['host3']	['host7']	['host13']	['host9']
2989	14057	3330076120	47183220	169712	['host3', 'host15', 'host4']	['host13']	['host9']	['host14']
