Counter: 52745  0.0 0.09941654320027737 0.4506570291996468 1.6397106376007287 20.25224143699961 121.86857129942472 845.7160516646745 845.7160516646745 AFCT: 5.585211511568794
Counter: 52745  0.0 0.09941654320027737 0.4506570291996468 1.6397106376007287 20.25224143699961 121.86857129942472 845.7160516646745 845.7160516646745 AFCT: 5.585211511568794
