Counter: 52745  0.0 0.14897374239990313 0.5917248880000443 2.3562719691290113 41.38819706879258 219.76857340130118 2519.4632892744303 2519.4632892744303 AFCT: 11.41635594203146
Counter: 52745  0.0 0.14897374239990313 0.5917248880000443 2.3562719691290113 41.38819706879258 219.76857340130118 2519.4632892744303 2519.4632892744303 AFCT: 11.41635594203146
Counter: 52745  0.0 0.14897374239990313 0.5917248880000443 2.3562719691290113 41.38819706879258 219.76857340130118 2519.4632892744303 2519.4632892744303 AFCT: 11.41635594203146
Counter: 52745  0.0 0.14897374239990313 0.5917248880000443 2.3562719691290113 41.38819706879258 219.76857340130118 2519.4632892744303 2519.4632892744303 AFCT: 11.41635594203146
