Counter: 52745  0.0 0.13291928279977583 0.484697701600453 1.8790486456000508 22.201341791251252 135.02771896807735 1121.2485270257712 1121.2485270257712 AFCT: 6.153872392386297
Counter: 52745  0.0 0.13291928279977583 0.484697701600453 1.8790486456000508 22.201341791251252 135.02771896807735 1121.2485270257712 1121.2485270257712 AFCT: 6.153872392386297
